1622082059 333
1622597557 916
1622603423 916
1622603461 916
1622604938 921
1622606253 940
1622606355 940
1622612757 948
1622613068 946
1622613314 950
1622721772 846
1622723556 849
1622776190 846
1622803380 949
1623378660 954
1623994978 963
1624016934 1055
1626936778 1009
1626936818 999
1627026958 1001
1627974233 1001
1627981111 1001
1634194609 1036
1637113114 1229
1637724563 1329
1638435581 1328
1639535699 2131
1639995112 2299
1640058046 2300
1640068428 2319
1640068998 2331
1641351331 2781
1641954060 2894
1641983984 2894
1642153468 2942
1648695948 2979
1648709054 3007
1648709177 3007
1649320446 3087
1649666345 3103
1649819524 3098
1649829385 3103
1651139869 3502
1656411730 3561
1657272691 3584
1667293011 3596
