1616723065 773158
1616723432 773159
1616723682 2282
1616723756 2289
1616739060 2302
1616739156 2302
1616739601 2312
1616739694 2301
1617258622 2301
1617868359 8650
1618205443 12472
1618402926 18701
1618485516 19091
1618542117 19097
1618914127 20076
1619084119 20168
1619173510 21372
1619174225 21318
1619322477 21330
1619354090 21364
1619432463 21368
1619527655 21442
1619746521 21722
1619778996 21880
1620379633 21949
1620460245 22032
1620783757 22111
1620872225 22125
1621233132 22235
1621329198 22271
1621329499 22297
1621504044 22361
1622097156 22317
1622538342 22389
1622548102 22389
1622606189 22399
1622606209 22399
1622606337 22399
1622621671 22399
1623048318 22466
1623149290 22491
1623379405 22491
1623393403 22384
1623401271 22444
1623405690 22453
1623405771 22451
1623744037 22579
1623744865 22584
1623831259 22586
1623917285 22586
1624259954 22582
1624275530 22585
1624327090 22586
1624418134 20594
1624434006 20569
1624504786 20569
1624530060 20626
1624599684 20626
1624693850 20626
1624693878 20626
1624705046 20700
1625221020 20701
1625826484 20705
1626250518 24956
1626250953 24952
1626857343 24969
1628733368 27513
1630033312 27596
1632647271 27594
1645672070 27671
1645700170 27675
1649747224 53127
1651893340 53138
1667528831 53729
1686640410 66771
1687316133 66774
