1617180622 0 0 0 34191 0 0
1618194995 0 0 0 34284 0 0
1618196412 0 0 0 34285 0 0
1619773801 0 0 0 34285 0 0
1619774044 0 0 0 34285 0 0
1620724980 303 0 0 34285 0 0
1620725664 306 0 0 34285 0 0
1620725728 306 0 0 34285 0 0
1620726875 384 0 0 34285 0 0
1620728660 392 0 0 34285 0 0
1620732449 396 0 0 34285 0 0
1620739415 490 0 0 34285 0 0
1620886376 842 0 0 34285 0 0
1620887469 844 0 0 34285 0 0
1620888423 850 0 0 34285 0 0
1620888454 850 0 0 34285 0 0
1620895510 858 0 0 34285 0 0
1620895559 858 0 0 34285 0 0
1620895777 858 0 0 34285 0 0
1620907360 878 0 0 34285 0 0
1620907391 878 0 0 34285 0 0
1620907418 878 0 0 34285 0 0
1620907758 883 0 0 34285 0 0
1620907773 883 0 0 34285 0 0
1620908351 885 0 0 34285 0 0
1620908378 885 0 0 34285 0 0
1621243690 1947 0 0 34285 0 0
1621243844 1947 0 0 34285 0 0
1621244063 1949 0 0 34285 0 0
1621301098 1984 0 0 34285 0 0
1621302311 1984 0 0 34285 0 0
1621329123 2283 0 0 34285 0 0
1621329150 2283 0 0 34285 0 0
1621330883 2283 0 0 34285 0 0
1621495388 2385 0 0 34285 0 0
1621495406 2385 0 0 34285 0 0
1621495479 2385 0 0 34285 0 0
1621499998 2392 0 0 34285 0 0
1621500025 2392 0 0 34285 0 0
1621500057 2392 0 0 34285 0 0
1621504953 2395 0 0 34285 0 0
1621504981 2395 0 0 34285 0 0
1621505599 2398 0 0 34285 0 0
1621505624 2398 0 0 34285 0 0
1621993167 3347 0 0 34285 0 0
1621993358 3347 0 0 34285 0 0
1621994116 3348 0 0 34285 0 0
1621994167 3348 0 0 34285 0 0
1622079314 3483 0 0 34285 0 0
1622079448 3483 0 0 34285 0 0
1622114365 3550 0 0 34285 0 0
1622114514 3550 0 0 34285 0 0
1622169407 3556 0 0 34285 0 0
1622169477 3556 0 0 34285 0 0
1622252783 3937 0 0 34285 0 0
1622252857 3938 0 0 34285 0 0
1622425776 3974 0 0 34285 0 0
1622425873 3974 0 0 34285 0 0
1622597647 4198 0 0 34285 0 0
1622597874 4198 0 0 34285 0 0
1622778205 4214 0 0 34285 0 0
1622778227 4214 0 0 34285 0 0
1622778245 4214 0 0 34285 0 0
1622803340 4445 0 0 34285 0 0
1623130838 4449 0 0 34285 0 0
1623143524 4458 0 0 34285 0 0
1623378598 4597 0 0 34285 0 0
1623378625 4597 0 0 34285 0 0
1623900203 4779 0 0 34285 0 0
1624010240 4958 0 0 34285 0 0
1624010244 4958 0 0 34285 0 0
1624260157 5093 0 0 34285 0 0
1624277239 5109 0 0 34285 0 0
1624346507 5237 0 0 34285 0 0
1625017519 5286 0 0 34285 0 0
1625464898 5576 0 0 34285 0 0
1625621946 5582 0 0 34285 0 0
1625640238 5584 0 0 34285 0 0
1625745404 5596 0 0 34285 0 0
1625831064 5597 0 0 34285 0 0
1626248906 5598 0 0 34285 0 0
1626267725 5608 0 0 34285 0 0
1626859246 5609 0 0 34285 0 0
1627031822 5652 0 0 34285 0 0
1627970424 5731 0 0 34285 0 0
1627970475 5731 0 0 34285 0 0
1627981009 5732 0 0 34285 0 0
1628229801 5782 0 0 34285 0 0
1628732794 6101 0 0 34285 0 0
1628736071 6114 0 0 34285 0 0
1628736149 6114 0 0 34285 0 0
1629353797 6129 0 0 34285 0 0
1629354421 6129 0 0 34285 0 0
1629369063 6129 0 0 34285 0 0
1629369118 6129 0 0 34285 0 0
1629455487 6330 0 0 34285 0 0
1629456042 6330 0 0 34285 0 0
1629703881 6348 0 0 34285 0 0
1629707472 6348 0 0 34285 0 0
1629707510 6348 0 0 34285 0 0
1629869884 6350 0 0 34285 0 0
1629877320 6360 0 0 34285 0 0
1629879634 6362 0 0 34285 0 0
1629881420 6366 0 0 34285 0 0
1629888002 6366 0 0 34285 0 0
1629888030 6366 0 0 34285 0 0
1629888089 6366 0 0 34285 0 0
1630313245 6509 0 0 34285 0 0
1630314902 6511 0 0 34285 0 0
1630407915 6654 0 0 34285 0 0
1630460958 6659 0 0 34285 0 0
1630465089 6659 0 0 34285 0 0
1630465105 6659 0 0 34285 0 0
1630465147 6659 0 0 34285 0 0
1630566547 6668 0 0 34285 0 0
1630566834 6668 0 0 34285 0 0
1630566869 6668 0 0 34285 0 0
1630579625 6717 0 0 34285 0 0
1630580023 6717 0 0 34285 0 0
1630580058 6717 0 0 34285 0 0
1630652959 6780 0 0 34285 0 0
1630653698 6780 0 0 34285 0 0
1630653730 6780 0 0 34285 0 0
1630911962 6780 0 0 34285 0 0
1630911970 6780 0 0 34285 0 0
1630993292 6796 0 0 34285 0 0
1630996866 6802 0 0 34285 0 0
1630996914 6802 0 0 34285 0 0
1633777930 7019 0 0 34285 0 0
1633780853 7019 0 0 34285 0 0
1635498338 7044 0 0 34285 0 0
1635500601 7062 0 0 34285 0 0
1635500718 7062 0 0 34285 0 0
1635500750 7062 0 0 34285 0 0
1635991591 7062 0 0 34285 0 0
1635995832 7062 0 0 34285 0 0
1637128267 7075 0 0 34285 0 0
1639539486 7165 0 0 34285 0 0
1639550564 7165 0 0 34285 0 0
1639550575 7165 0 0 34285 0 0
1639550604 7165 0 0 34285 0 0
1639621949 7169 0 0 34285 0 0
1639622022 7179 0 0 34285 0 0
1639622266 7179 0 0 34285 0 0
1639622406 7179 0 0 34285 0 0
1639710014 7179 0 0 34285 0 0
1639996179 7224 0 0 34285 0 0
1639996187 7362 0 0 34285 0 0
1639996295 7362 0 0 34285 0 0
1639996326 7362 0 0 34285 0 0
1640074799 7364 0 0 34285 0 0
1640074852 7364 0 0 34285 0 0
1640074891 7364 0 0 34285 0 0
1640075663 7365 0 0 34285 0 0
1640076297 7371 0 0 34285 0 0
1640076350 7374 0 0 34285 0 0
1640077949 7374 0 0 34285 0 0
1640078112 7374 0 0 34285 0 0
1640162319 7384 0 0 34285 0 0
1640225345 7388 0 0 34285 0 0
1640225614 7388 0 0 34285 0 0
1640225638 7388 0 0 34285 0 0
1643010444 7413 0 0 34285 0 0
1643010612 7413 0 0 34285 0 0
1643179892 7414 0 0 34285 0 0
1643180598 7415 0 0 34285 0 0
1643185290 7415 0 0 34285 0 0
1645421710 7426 0 0 34285 0 0
1645427352 9728 0 0 34285 0 0
1645427505 9731 0 0 34285 0 0
1645427578 9731 0 0 34285 0 0
1645499186 9741 0 0 34285 0 0
1645499310 9741 0 0 34285 0 0
1645671063 9757 0 0 34285 0 0
1645683253 9757 0 0 34285 0 0
1645755465 9757 0 0 34285 0 0
1646359243 9758 0 0 34285 0 0
1646363104 9758 0 0 34285 0 0
1646363143 9758 0 0 34285 0 0
1646366915 9758 0 0 34285 0 0
1646817246 9758 0 325 34285 0 0
1646817367 9758 0 325 34285 0 0
1646820525 9758 0 325 34285 0 0
1646820633 9758 0 325 34285 0 0
1646821806 9758 0 325 34285 0 108
1646821876 9758 0 325 34285 0 108
1647246888 9758 0 325 34285 0 108
1647310634 9758 0 325 34285 0 108
1647314261 9758 3 325 34285 0 108
1647315206 9758 4 325 34285 0 108
1647329676 9758 4 325 34285 0 108
1647329714 9758 4 325 34285 0 108
1648102523 9768 4 325 34285 0 108
1648107365 9768 4 325 34285 0 108
1648433581 9768 4 325 34285 0 108
1648608032 9768 4 330 34285 0 108
1648608132 9768 4 330 34285 0 108
1648713688 9774 4 330 34285 0 108
1648713743 9774 4 330 34285 0 108
1648722554 9774 4 330 34285 0 108
1649747146 9800 4 330 34285 0 108
1649747270 9800 4 330 34285 0 108
1649758755 9801 4 330 34285 0 108
1649758863 9801 4 330 34285 0 108
1649819397 9801 4 330 34285 0 108
1652235276 9808 4 330 34285 0 108
1652235558 9808 4 330 34285 0 108
1652249507 9808 4 330 34285 0 108
1653012698 9808 4 330 34285 0 108
1656667440 9808 4 542 34285 0 108
1656667552 9808 4 542 34285 0 108
1656668550 9808 4 542 34285 0 108
1656905770 9815 4 542 34285 0 108
1656914578 9815 4 542 34285 0 108
1657003224 9815 4 542 34285 0 108
1657008684 9815 4 555 34285 0 108
1657008748 9815 4 555 34285 0 108
1657011625 9815 4 555 34285 0 108
1657015400 9815 4 561 34285 0 108
1657015453 9815 4 561 34285 0 108
1657015922 9815 4 561 34285 0 108
1657016576 9815 4 562 34285 0 108
1657016682 9815 4 562 34285 0 108
1657016807 9815 4 562 34285 0 108
1657591352 9815 4 562 34285 0 108
1659516768 9827 4 562 34285 0 108
1659516815 9829 4 562 34285 0 108
1659924366 9829 4 562 34285 0 108
1659924865 9829 4 562 34285 0 108
1660099772 9829 4 562 34285 0 108
1686133397 9842 4 562 34285 0 108
1686193000 9842 4 562 34285 0 108
1686205030 9842 4 562 34285 0 108
1686539670 9842 4 562 34285 0 108
