1617180622 34191
1618194995 34275
1618196412 34275
1619773801 35578
1619774044 34966
1620724980 35253
1620725664 35250
1620725728 35249
1620726875 35246
1620728660 35232
1620732449 35234
1620739415 35147
1620886376 35397
1620887469 35398
1620888423 35388
1620895510 35392
1620895559 35391
1620895777 35386
1620907418 35385
1620907773 35386
1620908378 35386
1621243844 36225
1621244063 36226
1621301098 36261
1621329123 36458
1621495388 36515
1621495406 36514
1621495479 36514
1621500025 36517
1621500057 36516
1621504981 36516
1621505624 36519
1622778227 37844
1622778245 37844
1622803340 38051
1623143524 38058
1623378598 38185
1623900203 38320
1624010240 38439
1624010244 38439
1624260157 38563
1624277239 38562
1624346507 38301
1625017519 38350
1625464898 38504
1625621946 38506
1625640238 38506
1625745404 38507
1625831064 38507
1626248906 38507
1626267725 38510
1626859246 38510
1628736149 38516
1633780853 39064
1635995832 39077
1639622406 39146
1645755465 39300
1646366915 39316
1647310634 39700
1647314261 39700
1647315206 39700
1653012698 39717
1657591352 39915
1660099772 39929
1686539670 39932
