1628751051 0 0 0 0 2
1628755227 0 2 0 0 2
1628755559 0 29676 0 0 2
1628836241 0 29879 0 0 2
1628837268 0 29879 0 0 2
1629251868 0 32081 0 0 2
1629355133 0 32403 0 0 2
1629355192 0 32405 0 0 2
1629358807 0 32501 0 0 2
1629368290 0 32594 0 0 2
1629442599 0 32693 0 0 2
1629449175 0 32745 0 0 2
1629715720 0 32824 0 0 2
1629715763 0 33336 0 0 2
1629715797 0 33534 0 0 2
1629715868 0 33674 0 0 2
1629783450 0 33679 0 0 2
1629790864 0 33686 0 0 2
1629856117 0 33893 0 0 2
1629856471 0 33898 0 0 2
1629881887 0 34036 0 0 2
1629884371 0 34062 0 0 2
1629948363 0 34068 0 0 2
1629948472 0 34085 0 0 2
1629948498 0 34089 0 0 2
1629948692 0 34140 0 0 2
1629948802 0 34140 0 0 2
1629948890 0 34140 0 0 2
1629949642 0 34224 0 0 2
1629949733 0 34225 0 0 2
1629957509 0 34225 0 0 2
1629962544 0 34230 0 0 2
1629963084 0 34256 0 0 2
1629966947 0 34259 0 0 2
1630029639 0 34259 0 0 2
1630032863 0 34269 0 0 2
1630032903 0 34340 0 0 2
1630055372 0 34340 0 0 2
1630055421 0 34347 0 0 2
1630060612 0 34398 0 0 2
1630063923 0 34526 0 0 2
1630133786 0 34545 0 0 2
1630146547 0 34549 0 0 2
1630146589 0 34568 0 0 2
1630292684 0 34728 0 0 2
1630381927 0 34733 0 0 2
1630391302 0 34884 0 0 2
1630466428 0 34962 0 0 2
1630466635 0 34963 0 0 2
1630480768 0 34968 0 0 2
1630480904 0 34989 0 0 2
1630573757 0 34998 0 0 2
1630573842 0 35003 0 0 2
1630648836 0 35013 0 0 2
1630654942 0 35061 0 0 2
1630663276 0 35065 0 0 2
1630663379 0 35100 0 0 2
1631181263 0 35101 0 0 2
1631259270 0 35261 0 0 2
1631259334 0 35311 0 0 2
1631259412 0 35495 0 0 2
1631259448 0 35519 0 0 2
1631259524 0 35613 0 0 2
1631267068 0 35616 0 0 2
1631267176 0 35965 0 0 2
1631498929 0 36030 0 0 2
1631498969 0 36274 0 0 2
1631499047 0 37705 0 0 2
1631525937 0 37780 0 0 2
1631762806 0 37781 0 0 2
1631781521 0 37815 0 0 2
1631782935 0 37824 0 0 2
1631788904 0 37831 0 0 2
1631788978 0 37832 0 0 2
1631791162 0 37836 0 0 2
1631850110 0 38006 0 0 2
1631850285 0 38131 0 0 2
1631862465 0 38242 0 0 2
1631862677 0 38360 0 0 2
1631874861 0 38361 0 0 2
1631875467 0 38368 0 0 2
1631875793 0 38716 0 0 2
1631944053 0 38733 0 0 2
1631957117 0 38882 0 0 2
1631961152 0 38909 0 0 2
1632298635 0 39071 0 0 2
1632299013 0 39088 0 0 2
1632299074 0 39108 0 0 2
1632377517 0 39189 0 0 2
1632751358 0 39201 0 0 2
1632793445 0 39201 0 0 2
1632815592 0 39211 0 0 2
1632907187 0 39388 0 0 2
1632966857 0 40013 0 0 2
1633662559 0 40164 0 0 2
1633677799 0 40829 0 0 2
1633683956 0 41055 0 0 2
1633687048 0 41097 0 0 2
1633688115 0 41114 0 0 2
1633688214 0 41115 0 0 2
1633689374 0 41144 0 0 2
1633940473 0 41602 0 0 2
1633940520 0 41729 0 0 2
1633947052 0 41801 0 0 2
1633947178 0 41858 0 0 2
1634006821 0 41895 0 0 2
1634115076 0 41899 0 0 2
1634196290 0 41908 0 0 2
1634280825 0 42044 0 0 2
1634287700 0 42675 0 0 2
1634523289 0 42863 0 0 2
1634523474 0 42951 0 0 2
1634523528 0 43151 0 0 2
1634536931 0 43152 0 0 2
1634537079 0 43181 0 0 2
1634540577 0 43184 0 0 2
1634550593 0 43312 0 0 2
1634554397 0 43466 0 0 2
1634554436 0 43561 0 0 2
1634634420 0 43933 0 0 2
1634700854 0 44004 0 0 2
1634800034 0 44008 0 0 2
1634882883 0 44009 0 0 2
1634885164 0 44012 0 0 2
1634889129 0 44016 0 0 2
1634890134 0 44018 0 0 2
1634890631 0 44056 0 0 2
1635146017 0 44118 0 0 2
1635242283 0 44209 0 0 2
1635388921 0 44326 0 0 2
1635388978 0 44333 0 0 2
1635389016 0 44337 0 0 2
1635389062 0 44416 0 0 2
1635404988 0 44504 0 0 2
1635405031 0 44504 0 0 2
1635405808 0 44509 0 0 2
1635499744 0 44532 0 0 2
1635499785 0 44548 0 0 2
1635499849 0 44551 0 0 2
1635499891 0 45170 0 0 2
1635500093 0 45315 0 0 2
1635500313 0 45337 0 0 2
1635500370 0 45356 0 0 2
1635912020 0 45361 0 0 2
1635930581 0 45461 0 0 2
1636083133 0 45575 0 0 2
1636083169 0 45592 0 0 2
1636083472 0 45633 0 0 2
1636092147 0 45633 0 0 2
1636436784 0 45645 0 0 2
1636440472 0 45696 0 0 2
1636525644 0 45893 0 0 2
1636525682 0 46345 0 0 2
1636617628 0 46544 0 0 2
1636622214 0 46548 0 0 2
1637217527 0 46570 0 0 2
1637218357 0 46972 0 0 2
1637218380 0 46988 0 0 2
1637218545 0 47022 0 0 2
1637300533 0 47053 0 0 2
1637575928 0 47224 0 0 2
1637648478 0 48463 0 0 2
1637649219 0 48696 0 0 2
1637649253 0 48801 0 0 2
1637649287 0 48810 0 0 2
1637649346 0 48812 0 0 2
1637649551 0 49335 0 0 2
1637751808 0 49450 0 0 2
1637811179 0 49514 0 0 2
1637811447 0 49520 0 0 2
1637824491 0 49522 0 0 2
1637895662 0 49565 0 0 2
1637895733 0 49565 0 0 2
1637914899 0 49975 0 0 2
1638154613 0 50021 0 0 2
1638184693 0 50159 0 0 2
1638184730 0 50284 0 0 2
1638186109 0 50288 0 0 2
1638262007 0 50289 0 0 2
1638438014 0 50296 0 0 2
1638438053 0 50364 0 0 2
1638438094 0 50425 0 0 2
1638756474 0 50426 0 0 2
1638756578 0 50523 0 0 2
1638757008 0 50643 0 0 2
1638860020 0 50673 0 0 2
1638947999 0 51070 0 0 2
1638951989 0 51155 0 0 2
1638954295 0 51162 0 0 2
1638954412 0 51205 0 0 2
1639020159 0 51211 0 0 2
1639020412 0 51212 0 0 2
1639032160 0 51218 0 0 2
1639041458 0 51219 0 0 2
1639045830 0 51522 0 0 2
1639474631 0 52644 0 0 2
1639538060 0 52646 0 0 2
1639538163 0 52647 0 0 2
1639721607 0 53359 0 0 2
1639726901 0 53361 0 0 2
1639972825 0 53401 0 0 2
1639978989 0 53403 0 0 2
1639981471 0 53407 0 0 2
1639988608 0 53475 0 0 2
1639988642 0 53630 0 0 2
1639988671 0 53652 0 0 2
1639988696 0 53653 0 0 2
1640057014 0 53685 0 0 2
1640082413 0 53689 0 0 2
1640155705 0 53827 0 0 2
1640231882 0 54052 0 0 2
1640231958 0 54263 0 0 2
1640238447 0 54268 0 0 2
1640238470 0 54268 0 0 2
1640238539 0 54270 0 0 2
1640239589 0 54282 0 0 2
1640248716 0 54303 0 0 2
1640312019 0 54373 0 0 2
1640325535 0 54388 0 0 2
1640325840 0 54389 0 0 2
1640340872 0 54395 0 0 2
1640342785 0 54404 0 0 2
1640576403 0 54466 0 0 2
1640576629 0 54484 0 0 2
1640595722 0 54519 0 0 2
1640595804 0 54713 0 0 2
1640599006 0 54736 0 0 2
1640599602 0 54741 0 0 2
1640599713 0 54743 0 0 2
1640599811 0 54791 0 0 2
1640756774 0 54805 0 0 2
1640756838 0 54843 0 0 2
1640756888 0 54853 0 0 2
1640770015 0 54963 0 0 2
1640938382 0 55089 0 0 2
1641278864 0 55094 0 0 2
1641283991 0 55110 0 0 2
1641284072 0 55140 0 0 2
1641292190 0 55149 0 0 2
1641369999 0 55152 0 0 2
1641370087 0 55163 0 0 2
1641548949 0 55184 0 0 2
1641549028 0 55213 0 0 2
1641549499 0 55435 0 0 2
1641793177 0 55496 0 0 2
1641890935 0 55503 0 0 2
1641892019 0 55512 0 0 2
1642044567 0 55517 0 0 2
1642062113 0 55784 0 0 2
1642062625 0 55976 0 0 2
1642064093 0 55982 0 0 2
1642140912 0 56265 0 0 2
1642148512 0 56273 0 0 2
1642399529 0 56292 0 0 2
1642404468 0 56295 0 0 2
1642406243 0 56348 0 0 2
1642407264 0 56538 0 0 2
1642409828 0 56568 0 0 2
1642417751 0 56645 0 0 2
1642498716 0 56666 0 0 2
1642498882 0 56668 0 0 2
1642587514 0 56876 0 0 2
1642587540 0 56885 0 0 2
1642644678 0 57143 0 0 2
1642648306 0 57163 0 0 2
1642649102 0 57195 0 0 2
1642661540 0 57209 0 0 2
1642731039 0 57213 0 0 2
1642731076 0 57220 0 0 2
1642735909 0 57228 0 0 2
1642751504 0 57238 0 0 2
1643079002 0 57240 0 0 2
1643079051 0 57342 0 0 2
1643079090 0 57343 0 0 2
1643267303 0 57346 0 0 2
1643267420 0 57354 0 0 2
1643351031 0 57399 0 0 2
1643351101 0 57407 0 0 2
1644219339 2 57407 0 0 2
1644219422 248 57407 0 0 2
1644222175 248 57407 0 0 2
1644301988 448 57407 0 0 2
1644313750 464 57407 0 0 2
1644388115 526 57407 0 0 2
1644551965 665 57407 0 0 2
1644809889 690 57407 0 0 2
1644913285 712 57407 0 0 2
1644978136 1233 57407 0 0 2
1644978494 1457 57407 0 0 2
1644993996 1793 57407 0 0 2
1644994030 1842 57407 0 0 2
1644994058 1855 57407 0 0 2
1645005153 1864 57407 0 0 2
1645005171 2053 57407 0 0 2
1645067221 2218 57407 0 0 2
1645067739 2219 57407 0 0 2
1645068297 2244 57407 0 0 2
1645086719 2652 57407 0 0 2
1645149533 2658 57407 0 0 2
1645423922 2731 57407 0 0 2
1645428632 2756 57407 0 0 2
1645433616 2827 57407 0 0 2
1645520968 2856 57407 0 0 2
1645602222 3420 57407 0 0 2
1645607838 3453 57407 0 0 2
1645691451 3629 57407 0 0 2
1645699107 3710 57407 0 0 2
1645768953 3715 57407 0 0 2
1646041309 3718 57407 0 0 2
1646121755 3774 57407 0 0 2
1646127956 3864 57407 0 0 2
1646128334 3865 57407 0 0 2
1646192453 3869 57407 0 0 2
1646286948 3951 57407 0 0 2
1646287102 3967 57407 0 0 2
1646287571 4005 57407 0 0 2
1646294568 4006 57407 0 0 2
1646301172 4093 57407 0 0 2
1646302812 4417 57407 0 0 2
1646380376 4424 57407 0 0 2
1646387790 4429 57407 0 0 2
1646621326 4432 57407 0 0 2
1646621779 4436 57407 0 0 2
1646646966 4443 57407 0 0 2
1646647046 4452 57407 0 0 2
1646647074 4653 57407 0 0 2
1646708704 4742 57407 0 0 2
1646718542 4765 57407 0 0 2
1646728928 4963 57407 0 0 2
1646790415 4979 57407 0 0 2
1646790514 4988 57407 0 0 2
1646877533 4997 57407 0 0 2
1646894420 5094 57407 0 0 2
1646897938 5097 57407 0 0 2
1646898998 5140 57407 0 0 2
1646899050 5159 57407 0 0 2
1646899102 5160 57407 0 0 2
1646899144 5161 57407 0 0 2
1646899193 5164 57407 0 0 2
1646899231 5442 57407 0 0 2
1646981455 5447 57407 0 0 2
1646981732 5447 57407 0 0 2
1647245847 5476 57407 0 0 2
1647571701 5498 57407 0 0 2
1647571847 5639 57407 0 0 2
1647831907 5641 57407 0 0 2
1647831946 5655 57407 0 0 2
1647832022 5809 57407 0 0 2
1647832105 5818 57407 0 0 2
1647832134 6271 57407 0 0 2
1647844792 6320 57407 0 0 2
1647844869 6327 57407 0 0 2
1647918042 6328 57407 0 0 2
1647921121 6331 57407 0 0 2
1648103592 6338 57407 0 0 2
1648103646 6426 57407 0 0 2
1648114616 6516 57407 0 0 2
1648114789 6549 57407 0 0 2
1648114871 6554 57407 0 0 2
1648114909 6645 57407 0 0 2
1648114931 6692 57407 0 0 2
1648176908 6774 57407 0 0 2
1648176969 7572 57407 0 0 2
1648178240 7594 57407 0 0 2
1648178848 7596 57407 0 0 2
1648180145 7674 57407 0 0 2
1648187430 7675 57407 0 0 2
1648202215 8432 57407 0 0 2
1648203916 8832 57407 0 0 2
1648437051 8839 57407 0 0 2
1648437077 8846 57407 0 0 2
1648437221 8855 57407 0 0 2
1648458142 9073 57407 0 0 2
1648458297 9074 57407 0 0 2
1648607458 9092 57407 0 0 2
1648695950 9100 57407 0 0 2
1648695984 9140 57407 0 0 2
1648696020 9193 57407 0 0 2
1648780779 9214 57407 0 0 2
1648780894 9477 57407 0 0 2
1648780975 9488 57407 0 0 2
1648781009 9500 57407 0 0 2
1648781150 9501 57407 0 0 2
1649229193 9550 57407 0 0 2
1649234417 10066 57407 0 0 2
1649299668 10083 57407 0 0 2
1649320996 10142 57407 0 0 2
1649321078 10265 57407 0 0 2
1649321111 10266 57407 0 0 2
1649327823 10324 57407 0 0 2
1649404703 10371 57407 0 0 2
1649408463 10453 57407 0 0 2
1649408514 10804 57407 0 0 2
1649412802 10834 57407 0 0 2
1649412862 10839 57407 0 0 2
1649412936 10839 57407 0 0 2
1649657907 10956 57407 0 0 2
1649663650 11036 57407 0 0 2
1649731651 11233 57407 0 0 2
1649732132 11341 57407 0 0 2
1649732170 11587 57407 0 0 2
1649732236 11640 57407 0 0 2
1649833804 11860 57407 0 0 2
1649901160 11865 57407 0 0 2
1649918131 11895 57407 0 0 2
1649920471 11948 57407 0 0 2
1649926837 12090 57407 0 0 2
1650000888 12091 57407 0 0 2
1650005129 13528 57407 0 0 2
1650005524 13532 57407 0 0 2
1650252801 13538 57407 0 0 2
1650253412 13538 57407 0 0 2
1650270592 13545 57407 0 0 2
1650270653 13567 57407 0 0 2
1650335888 13584 57407 0 0 2
1650336263 13584 57407 0 0 2
1650358708 13617 57407 0 0 2
1650361755 13712 57407 0 0 2
1650362121 13714 57407 0 0 2
1650362611 13714 57407 0 0 2
1650421251 13721 57407 0 0 2
1650434303 13721 57407 0 0 2
1650441350 13727 57407 0 0 2
1650442325 13727 57407 0 206 2
1650442441 13727 57407 0 207 2
1650442925 13727 57407 0 207 2
1650444609 13772 57407 0 207 2
1650444894 13772 57407 0 207 2
1650444933 13772 57407 0 207 2
1650511756 13772 57407 0 421 2
1650524224 13873 57407 0 421 2
1650524469 13873 57407 0 421 2
1650524612 14073 57407 0 421 2
1650536226 14259 57407 0 421 2
1650779946 14259 57407 0 421 2
1650780365 14316 57407 0 421 2
1650780715 14316 57407 0 460 2
1650786545 14316 57407 0 461 2
1650786591 14316 57407 0 464 2
1650786617 14316 57407 0 464 2
1650786645 14316 57407 0 464 2
1650788061 14316 57407 0 465 2
1650788143 14316 57407 0 466 2
1650788259 14316 57407 0 466 2
1650789726 14316 57407 0 468 2
1650790862 14316 57407 0 468 2
1650790887 14316 57407 0 468 2
1650791208 14316 57407 0 468 2
1650791223 14316 57407 0 468 2
1650791392 14341 57407 0 468 2
1650791554 14341 57407 0 468 2
1650791949 14343 57407 0 468 2
1650792167 14343 57407 2 468 2
1650792181 14343 57407 2 468 2
1650792918 14343 57407 2 468 2
1650855963 14361 57407 2 468 2
1650856173 14361 57407 2 468 2
1650871620 14409 57407 2 468 2
1650873546 14409 57407 2 673 2
1650873621 14409 57407 2 673 2
1650873932 14409 57407 2 676 2
1650873998 14409 57407 2 677 2
1650875787 14409 57407 2 677 2
1650944529 14534 57407 2 677 2
1650951560 14534 57407 2 677 2
1650951700 14536 57407 2 677 2
1650968681 14546 57407 2 677 2
1650969018 14546 57407 2 677 2
1651025782 14546 57407 2 743 2
1651030034 14546 57407 2 765 2
1651030209 14546 57407 2 770 2
1651030541 14546 57407 2 773 2
1651030880 14546 57407 2 773 2
1651030890 14546 57407 2 773 2
1651040889 14574 57407 2 773 2
1651041009 14574 57407 2 773 2
1651049479 14702 57407 2 773 2
1651052954 14815 57407 2 773 2
1651053113 14815 57407 2 773 2
1651118084 14836 57407 2 773 2
1651118431 14843 57407 2 773 2
1651124096 14843 57407 2 773 2
1651222773 14971 57407 2 773 2
1651222820 14971 57407 2 773 2
1651224691 14988 57407 2 773 2
1651224763 14988 57407 2 773 2
1651731478 15237 57407 2 773 2
1651731853 15238 57407 2 773 2
1651731946 15238 57407 2 773 2
1651739746 15245 57407 2 773 2
1651803712 15245 57407 2 802 2
1651804982 15245 57407 2 803 2
1651818996 15255 57407 2 803 2
1651910494 15323 57407 2 803 2
1651910610 15323 57407 2 803 2
1652084905 15323 57407 2 1063 2
1652169292 15323 57407 2 1145 2
1652169598 15323 57407 2 1145 2
1652169994 15323 57407 2 1147 2
1652171573 15323 57407 2 1165 2
1652173710 15323 57407 2 1165 2
1652176021 15323 57407 2 1165 2
1652176029 15323 57407 2 1165 2
1652252896 15362 57407 2 1165 2
1652262578 15399 57407 2 1165 2
1652263138 15475 57407 2 1165 2
1652264942 15475 57407 2 1165 2
1652265235 15498 57407 2 1165 2
1652265357 15498 57407 2 1165 2
1652347305 15539 57407 2 1165 2
1652347361 15539 57407 2 1165 2
1652430174 15878 57407 2 1165 2
1652430267 15878 57407 2 1165 2
1652667350 15878 57407 2 1240 2
1652667400 15878 57407 2 1240 2
1652669196 15878 57407 2 1242 2
1652669708 15878 57407 2 1242 2
1652681890 15894 57407 2 1242 2
1652682021 15894 57407 2 1242 2
1652757472 15920 57407 2 1242 2
1652757611 15920 57407 2 1242 2
1652768641 15925 57407 2 1242 2
1652768713 15925 57407 2 1242 2
1652858901 15938 57407 2 1242 2
1652860334 15938 57407 2 1242 2
1652866876 15940 57407 2 1242 2
1652866888 15941 57407 2 1242 2
1652867498 15941 57407 2 1242 2
1652925528 15941 57407 2 1363 2
1652932881 15947 57407 2 1363 2
1652938560 15947 57407 2 1363 2
1653033320 15947 57407 2 1461 2
1653033871 15947 57407 2 1461 2
1653033881 15947 57407 2 1461 2
1653034504 15951 57407 2 1461 2
1653034576 15951 57407 2 1461 2
1653042254 15954 57407 2 1461 2
1653042406 15954 57407 2 1461 2
1653292478 15954 57407 2 1470 2
1653297180 15960 57407 2 1470 2
1653297418 15960 57407 2 1470 2
1653297752 16298 57407 2 1470 2
1653357451 16298 57407 2 1470 2
1653357481 16298 57407 2 1470 2
1653385080 17206 57407 2 1470 2
1653385094 17210 57407 2 1470 2
1653385189 17210 57407 2 1470 2
1653387199 17214 57407 2 1470 2
1653448026 17214 57407 2 1475 2
1653459311 17380 57407 2 1475 2
1653459610 17380 57407 2 1475 2
1653467734 17396 57407 2 1475 2
1653467779 17396 57407 2 1475 2
1653468042 17400 57407 2 1475 2
1653468091 17400 57407 2 1475 2
1653474295 17410 57407 2 1475 2
1653474384 17410 57407 2 1475 2
1653474616 17415 57407 2 1475 2
1653474644 17415 57407 2 1475 2
1653535632 17436 57407 2 1475 2
1653535693 17436 57407 2 1475 2
1653543625 17436 57407 2 1475 2
1653543634 17436 57407 2 1475 2
1653560323 17436 57407 2 1602 2
1653560362 17436 57407 2 1602 2
1653560394 17436 57407 2 1603 2
1653560997 17436 57407 2 1603 2
1653641893 17436 57407 2 1615 2
1653644729 17954 57407 2 1615 2
1653645089 17954 57407 2 1615 2
1653875985 17962 57407 2 1615 2
1653890966 17965 57407 2 1615 2
1653891153 17965 57407 2 1615 2
1653891439 17980 57407 2 1615 2
1653891504 17980 57407 2 1615 2
1653902540 17980 57407 2 1615 2
1653902602 17980 57407 2 1615 2
1653903076 17980 57407 2 1622 2
1653903098 17980 57407 2 1623 2
1653904873 17983 57407 2 1623 2
1653904927 17983 57407 2 1623 2
1653964512 17983 57407 2 1656 2
1653967422 17983 57407 2 1656 2
1653967486 17983 57407 2 1656 2
1653967636 17983 57407 2 1656 2
1653976398 17999 57407 2 1656 2
1653976502 17999 57407 2 1656 2
1653989069 17999 57407 2 1718 2
1653990985 17999 57407 2 1718 2
1654051907 17999 57407 2 1729 2
1654054447 17999 57407 2 1729 2
1654065532 17999 57407 2 1732 2
1654069412 18319 57407 2 1732 2
1654069571 18319 57407 2 1732 2
1654069673 18319 57407 2 1732 2
1654076010 18379 57407 2 1732 2
1654076135 18379 57407 2 1732 2
1654161417 18801 57407 2 1732 2
1654161459 18801 57407 2 1732 2
1654164194 19005 57407 2 1732 2
1654164268 19005 57407 2 1732 2
1654481837 19005 57407 2 1764 2
1654481859 19005 57407 2 1764 2
1654483745 19005 57407 2 1767 2
1654483998 19005 57407 2 1767 2
1654486993 19021 57407 2 1767 2
1654487056 19021 57407 2 1767 2
1654496980 19021 57407 2 1775 2
1654506561 19080 57407 2 1775 2
1654506618 19080 57407 2 1775 2
1654506692 19080 57407 2 1775 2
1654506701 19080 57407 2 1775 2
1654508186 19085 57407 2 1775 2
1654508277 19085 57407 2 1775 2
1654568442 19314 57407 2 1775 2
1654584672 19321 57407 2 1775 2
1654584733 19322 57407 2 1775 2
1654584810 19322 57407 2 1775 2
1654590669 19327 57407 2 1775 2
1654590717 19327 57407 2 1775 2
1654591818 19327 57407 2 1775 2
1654593192 19327 57407 2 1783 2
1654593273 19327 57407 2 1783 2
1654593280 19327 57407 2 1783 2
1654593728 19333 57407 2 1783 2
1654593765 19333 57407 2 1783 2
1654675997 19349 57407 2 1783 2
1654676062 19349 57407 2 1783 2
1654684672 19367 57407 2 1783 2
1654684752 19368 57407 2 1783 2
1654684802 19368 57407 2 1783 2
1654753559 19368 57407 2 1850 2
1654753606 19368 57407 2 1850 2
1654763568 19526 57407 2 1850 2
1654763629 19526 57407 2 1850 2
1654763677 19526 57407 2 1850 2
1654763720 19526 57407 2 1850 2
1654763743 19526 57407 2 1850 2
1654764918 19528 57407 2 1850 2
1654764965 19528 57407 2 1850 2
1654773497 19646 57407 2 1850 2
1654773537 19646 57407 2 1850 2
1654849971 19646 57407 2 2009 2
1654851373 19646 57407 2 2009 2
1655101385 19659 57407 2 2009 2
1655101465 19659 57407 2 2009 2
1655103495 19674 57407 2 2009 2
1655103558 19674 57407 2 2009 2
1655107816 19674 57407 2 2018 2
1655108153 19674 57407 2 2018 2
1655195181 19697 57407 2 2018 2
1655195234 19697 57407 2 2018 2
1655195365 19697 57407 2 2018 2
1655195373 19697 57407 2 2018 2
1655199213 19765 57407 2 2018 2
1655199550 19765 57407 2 2018 2
1655289166 19810 57407 2 2018 2
1655289206 19810 57407 2 2018 2
1655364714 19818 57407 2 2018 2
1655364763 19818 57407 2 2018 2
1655365507 19823 57407 2 2018 2
1655365542 19823 57407 2 2018 2
1655366193 19824 57407 2 2018 2
1655366235 19824 57407 2 2018 2
1655366400 19834 57407 2 2018 2
1655366459 19834 57407 2 2018 2
1655457962 20200 57407 2 2018 2
1655458041 20200 57407 2 2018 2
1655693926 20210 57407 2 2018 2
1655693987 20210 57407 2 2018 2
1655716265 20281 57407 2 2018 2
1655716348 20281 57407 2 2018 2
1655805239 20337 57407 2 2018 2
1655867237 20348 57407 2 2018 2
1655867287 20348 57407 2 2018 2
1655884273 20348 57407 2 2088 2
1655951411 20357 57407 2 2088 2
1655967506 20357 57407 2 2098 2
1655972676 20506 57407 2 2098 2
1655972773 20506 57407 2 2098 2
1655972794 20506 57407 2 2098 2
1655972839 20506 57407 2 2098 2
1655972854 20506 57407 2 2098 2
1656059024 20905 57407 2 2098 2
1656059194 20905 57407 2 2098 2
1656059209 20905 57407 2 2098 2
1656059225 20905 57407 2 2098 2
1656059249 20905 57407 2 2098 2
1656059264 20905 57407 2 2098 2
1656312140 21048 57407 2 2098 2
1656312185 21048 57407 2 2098 2
1656472850 21123 57407 2 2098 2
1656472915 21123 57407 2 2098 2
1656496496 21255 57407 2 2098 2
1656496565 21255 57407 2 2098 2
1656498786 21256 57407 2 2098 2
1656498826 21256 57407 2 2098 2
1656559296 21284 57407 2 2098 2
1656559346 21284 57407 2 2098 2
1656643838 21299 57407 2 2098 2
1656643889 21299 57407 2 2098 2
1656665000 21299 57407 2 4178 2
1656667272 21715 57407 2 4178 2
1656667334 21715 57407 2 4178 2
1656667586 21715 57407 2 4179 2
1656667805 21715 57407 2 4179 2
1656667838 21715 57407 2 4179 2
1657001481 21735 57407 2 4179 2
1657001767 21735 57407 2 4179 2
1657076391 21735 57407 2 4671 2
1657101852 22652 57407 2 4671 2
1657104232 22652 57407 2 4671 2
1657104302 22652 57407 2 4671 2
1657104318 22652 57407 2 4671 2
1657617157 25032 57407 2 4671 2
1657617755 25032 57407 2 4671 2
1657623456 25980 57407 2 4671 2
1657623500 25980 57407 2 4671 2
1657699188 26115 57407 2 4671 2
1657791086 26115 57407 2 5309 2
1657793828 26115 57407 2 5309 2
1657797960 26259 57407 2 5309 2
1657798069 26261 57407 2 5309 2
1657799171 26261 57407 2 5309 2
1657882095 27138 57407 2 5309 2
1657882503 27138 57407 2 5309 2
1658114164 27171 57407 2 5309 2
1658114566 27171 57407 2 5309 2
1658281484 27171 57407 2 5649 2
1658288901 27469 57407 2 5649 2
1658289461 27469 57407 2 5649 2
1658368322 27469 57407 2 5731 2
1658368332 27469 57407 2 5731 2
1658368340 27469 57407 2 5731 2
1658382370 29297 57407 2 5731 2
1658382432 29297 57407 2 5731 2
1658457475 29297 57407 2 5735 2
1658457488 29297 57407 2 5735 2
1658457498 29297 57407 2 5735 2
1658486536 30224 57407 2 5735 2
1658486643 30224 57407 2 5735 2
1658486797 30226 57407 2 5735 2
1658486862 30226 57407 2 5735 2
1658713873 30226 57407 2 5946 2
1658713882 30226 57407 2 5946 2
1658713894 30226 57407 2 5946 2
1658729622 30235 57407 2 5946 2
1658729794 30235 57407 2 5946 2
1658804746 31144 57407 2 5946 2
1658821290 31173 57407 2 5946 2
1658829269 31361 57407 2 5946 2
1658829679 31361 57407 2 5946 2
1658829896 31361 57407 2 5946 2
1658908152 31745 57407 2 5946 2
1658908305 31745 57407 2 5946 2
1658989312 31783 57407 2 5946 2
1659004274 32047 57407 2 5946 2
1659004339 32047 57407 2 5946 2
1659077643 32047 57407 2 6323 2
1659080505 32047 57407 2 6323 2
1659080532 32047 57407 2 6323 2
1659080885 32347 57407 2 6323 2
1659081004 32347 57407 2 6323 2
1659088744 32350 57407 2 6323 2
1659088954 32351 57407 2 6323 2
1659348276 32597 57407 2 6323 2
1659348290 32603 57407 2 6323 2
1659348735 32616 57407 2 6323 2
1659348924 32624 57407 2 6323 2
1659349098 32624 57407 2 6323 2
1659409605 32701 57407 2 6323 2
1659409859 32701 57407 2 6323 2
1659418713 32702 57407 2 6323 2
1659420334 32702 57407 2 6323 2
1659426485 32714 57407 2 6323 2
1659426565 32714 57407 2 6323 2
1659435342 32714 57407 2 6719 2
1659435778 32714 57407 2 6719 2
1659435831 32714 57407 2 6720 2
1659512202 32999 57407 2 6720 2
1659512418 32999 57407 2 6720 2
1659512469 32999 57407 2 6720 2
1659513819 33003 57407 2 6720 2
1659514512 33003 57407 2 6720 2
1659514888 33009 57407 2 6720 2
1659515630 33009 57407 2 6720 2
1659520246 33009 57407 2 6841 2
1659520266 33009 57407 2 6841 2
1659522907 33017 57407 2 6841 2
1659522955 33017 57407 2 6841 2
1659594076 33017 57407 2 7058 2
1659603377 33173 57407 2 7058 2
1659606066 33173 57407 2 7104 2
1659606085 33173 57407 2 7104 2
1659606129 33173 57407 2 7105 2
1659607068 33173 57407 2 7105 2
1659607082 33173 57407 2 7105 2
1659677753 33197 57407 2 7105 2
1659677897 33197 57407 2 7105 2
1659678196 33389 57407 2 7105 2
1659678253 33389 57407 2 7105 2
1659679365 33389 57407 2 7114 2
1659679391 33389 57407 2 7114 2
1659679478 33393 57407 2 7114 2
1659679580 33393 57407 2 7114 2
1659680384 33393 57407 2 7115 2
1659682930 33393 57407 2 7115 2
1659682941 33393 57407 2 7115 2
1659693372 33468 57407 2 7115 2
1659694565 33468 57407 2 7115 2
1659922883 33468 57407 2 7118 2
1659922933 33468 57407 2 7118 2
1659950584 33891 57407 2 7118 2
1659951060 33891 57407 2 7118 2
1659951239 33919 57407 2 7118 2
1659951590 33919 57407 2 7118 2
1660031742 33945 57407 2 7118 2
1660031855 33945 57407 2 7118 2
1660034853 33961 57407 2 7118 2
1660042790 34017 57407 2 7118 2
1660042927 34017 57407 2 7118 2
1660095338 34017 57407 2 7588 2
1660095359 34017 57407 2 7588 2
1660095394 34017 57407 2 7592 2
1660115820 34017 57407 2 7592 2
1660115910 35559 57407 2 7592 2
1660115973 35559 57407 2 7592 2
1660120953 35573 57407 2 7592 2
1660122216 35573 57407 2 7592 2
1660123652 35714 57407 2 7592 2
1660124642 35714 57407 2 7592 2
1660202497 35714 57407 2 7665 2
1660202516 35714 57407 2 7665 2
1660202570 35714 57407 2 7669 2
1660211481 35714 57407 2 7671 2
1660295053 35800 57407 2 7671 2
1660296826 35802 57407 2 7671 2
1660296965 35802 57407 2 7671 2
1660297515 35802 57407 2 7671 2
1660299205 35818 57407 2 7671 2
1660299840 35818 57407 2 7671 2
1660548210 35818 57407 2 7947 2
1660548229 35818 57407 2 7947 2
1660549304 35818 57407 2 7952 2
1660552796 35818 57407 2 8238 2
1660556097 35865 57407 2 8238 2
1660556136 35865 57407 2 8238 2
1660634853 35972 57407 2 8238 2
1660634944 35972 57407 2 8238 2
1660635922 36401 57407 2 8238 2
1660635942 36401 57407 2 8238 2
1660636017 36402 57407 2 8238 2
1660636089 36431 57407 2 8238 2
1660641189 36456 57407 2 8238 2
1660641241 36456 57407 2 8238 2
1660790374 36491 57407 2 8238 2
1660790455 36491 57407 2 8238 2
1660792631 36517 57407 2 8238 2
1660792676 36517 57407 2 8238 2
1660814667 36517 57407 2 8458 2
1660815170 36517 57407 2 8458 2
1660816606 36517 57407 2 8459 2
1660819558 36933 57407 2 8459 2
1660819680 36933 57407 2 8459 2
1660819741 36933 57407 2 8459 2
1660819750 36933 57407 2 8459 2
1660903112 36933 57407 2 8508 2
1660903138 36933 57407 2 8508 2
1660903172 36933 57407 2 8510 2
1661136039 36933 57407 2 8510 2
1661140737 37045 57407 2 8510 2
1661140784 37045 57407 2 8510 2
1661155657 37045 57407 2 8614 2
1661155692 37045 57407 2 8614 2
1661155767 37045 57407 2 8617 2
1661156512 37105 57407 2 8617 2
1661156581 37105 57407 2 8617 2
1661156656 37105 57407 2 8617 2
1661156916 37106 57407 2 8617 2
1661157018 37106 57407 2 8617 2
1661159707 37106 57407 2 8618 2
1661159935 37278 57407 2 8618 2
1661160018 37278 57407 2 8618 2
1661252083 37278 57407 2 8697 2
1661252180 37278 57407 2 8697 2
1661252213 37278 57407 2 8699 2
1661252300 37278 57407 2 8699 2
1661309775 37278 57407 2 8707 2
1661309894 37278 57407 2 8709 2
1661507203 37278 57407 2 8709 2
1661507323 39545 57407 2 8709 2
1661507539 39562 57407 2 8709 2
1661509276 39562 57407 2 8709 2
1661757937 39630 57407 2 8709 2
1661759274 39630 57407 2 8709 2
1661759854 39630 57407 2 11929 2
1661759920 39630 57407 2 11929 2
1661759955 39630 57407 2 11930 2
1661765120 39630 57407 2 11930 2
1661842820 39630 57407 2 11967 2
1661842838 39630 57407 2 11967 2
1661916182 39683 57407 2 11967 2
1661917105 39684 57407 2 11967 2
1661931971 39723 57407 2 11967 2
1661932053 39816 57407 2 11967 2
1661933098 39816 57407 2 11967 2
1662015025 40037 57407 2 11967 2
1662015105 40037 57407 2 11967 2
1662015960 40037 57407 2 12018 2
1662016005 40037 57407 2 12043 2
1662016026 40037 57407 2 12043 2
1662016065 40037 57407 2 12044 2
1662098664 40037 57407 2 12044 2
1662098738 40061 57407 2 12044 2
1662098810 40061 57407 2 12044 2
1662114086 40061 57407 2 12058 2
1662114107 40061 57407 2 12058 2
1662114164 40061 57407 2 12059 2
1662364697 40061 57407 2 12059 2
1662364918 40071 57407 2 12059 2
1662365153 40128 57407 2 12059 2
1662365303 40128 57407 2 12059 2
1662455679 40139 57407 2 12059 2
1662456060 40143 57407 2 12059 2
1662458454 40143 57407 2 12299 2
1662458480 40143 57407 2 12299 2
1662458547 40143 57407 2 12303 2
1662515166 40143 57407 2 12303 2
1662515220 40143 57407 2 12303 2
1662515498 40143 57407 2 12303 2
1662515525 40143 57407 2 12303 2
1662516364 40143 57407 2 12303 2
1662530465 40179 57407 2 12303 2
1662530874 40179 57407 2 12303 2
1662534062 40512 57407 2 12303 2
1662534240 40512 57407 2 12303 2
1662543490 40553 57407 2 12303 2
1662543546 40553 57407 2 12303 2
1662617935 40788 57407 2 12303 2
1662618141 40788 57407 2 12303 2
1662629774 40822 57407 2 12303 2
1662629893 40822 57407 2 12303 2
1662711942 41099 57407 2 12303 2
1662713287 41154 57407 2 12303 2
1663034509 41154 57407 2 12303 2
1663148919 41154 57407 2 12655 2
1663148943 41154 57407 2 12655 2
1663149000 41154 57407 2 12659 2
1663153917 41154 57407 2 12659 2
1663757387 42791 57407 2 12659 2
1663757455 42791 57407 2 12659 2
1663827259 44040 57407 2 12659 2
1663827837 44045 57407 2 12659 2
1663827987 44045 57407 2 12659 2
1663838991 44045 57407 2 12711 2
1663839010 44045 57407 2 12711 2
1663839972 44223 57407 2 12711 2
1663840785 44223 57407 2 12711 2
1664157426 44223 57407 2 12711 2
1664171489 44223 57407 2 12775 2
1664171556 44223 57407 2 12779 2
1664174034 44223 57407 2 12779 2
1664174702 44244 57407 2 12779 2
1664174799 44244 57407 2 12779 2
1664184057 44271 57407 2 12779 2
1664184239 44271 57407 2 12779 2
1664263632 44397 57407 2 12779 2
1664263779 44397 57407 2 12779 2
1664444159 45640 57407 2 12779 2
1664445941 45656 57407 2 12779 2
1664446742 45656 57407 2 12779 2
1664530141 45881 57407 2 12779 2
1664530154 45885 57407 2 12779 2
1664530251 45885 57407 2 12779 2
1665208370 45929 57407 2 12779 2
1665208484 45929 57407 2 12779 2
1665214551 45933 57407 2 12779 2
1665214597 45933 57407 2 12779 2
1665224242 46071 57407 2 12779 2
1665224748 46071 57407 2 12779 2
1665283199 46089 57407 2 12779 2
1665283853 46089 57407 2 12779 2
1665285752 46090 57407 2 12779 2
1665285893 46090 57407 2 12779 2
1665393605 46164 57407 2 12779 2
1665393620 46168 57407 2 12779 2
1665395167 46180 57407 2 12779 2
1665395224 46180 57407 2 12779 2
1665478736 46621 57407 2 12779 2
1665478913 46621 57407 2 12779 2
1665560454 46654 57407 2 12779 2
1665560522 46654 57407 2 12779 2
1665646198 46801 57407 2 12779 2
1665646265 46801 57407 2 12779 2
1665651362 46805 57407 2 12779 2
1665651687 46805 57407 2 12779 2
1665732434 47073 57407 2 12779 2
1665739224 47131 57407 2 12779 2
1665740866 47164 57407 2 12779 2
1665740916 47164 57407 2 12779 2
1665986253 47256 57407 2 12779 2
1665987067 47256 57407 2 12779 2
1665988315 47398 57407 2 12779 2
1666001074 47398 57407 2 12779 2
1666162857 47831 57407 2 12779 2
1666162978 47831 57407 2 12779 2
1666173308 47850 57407 2 12779 2
1666173614 47850 57407 2 12779 2
1666175485 47868 57407 2 12779 2
1666175592 47868 57407 2 12779 2
1666335922 48574 57407 2 12779 2
1666336107 48574 57407 2 12779 2
1666590341 48767 57407 2 12779 2
1666590410 48767 57407 2 12779 2
1666603223 48958 57407 2 12779 2
1666603339 48958 57407 2 12779 2
1666691696 49014 57407 2 12779 2
1666691760 49014 57407 2 12779 2
1666782049 49572 57407 2 12779 2
1666782088 49572 57407 2 12779 2
1666782202 49579 57407 2 12779 2
1666782251 49579 57407 2 12779 2
1666861291 49800 57407 2 12779 2
1666861418 49800 57407 2 12779 2
1666867213 50042 57407 2 12779 2
1666867266 50090 57407 2 12779 2
1666867323 50090 57407 2 12779 2
1666942295 50090 57407 2 15317 2
1666943053 50090 57407 2 15317 2
1666952468 50479 57407 2 15317 2
1666952635 50479 57407 2 15317 2
1666952672 50479 57407 2 15317 2
1666952779 50479 57407 2 15317 2
1667209731 50502 57407 2 15317 2
1667209821 50502 57407 2 15317 2
1667281844 50502 57407 2 15496 2
1667281862 50502 57407 2 15496 2
1667281915 50502 57407 2 15498 2
1667285145 51131 57407 2 15498 2
1667285244 51131 57407 2 15498 2
1667285280 51131 57407 2 15498 2
1667285327 51133 57407 2 15498 2
1667285368 51133 57407 2 15498 2
1667358970 51221 57407 2 15498 2
1667359032 51221 57407 2 15498 2
1667375950 51305 57407 2 15498 2
1667376213 51305 57407 2 15498 2
1667554427 52529 57407 2 15498 2
1667554950 52529 57407 2 15498 2
1667555998 52534 57407 2 15498 2
1667556271 52534 57407 2 15498 2
1667990273 52541 57407 2 15498 2
1667990374 52541 57407 2 15498 2
1667990555 53316 57407 2 15498 2
1667990590 53316 57407 2 15498 2
1668146698 53316 57407 2 16416 2
1668147200 53316 57407 2 16417 2
1668147484 53316 57407 2 16417 2
1668162387 53316 57407 2 16463 2
1668162692 53316 57407 2 16463 2
1668163603 53845 57407 2 16463 2
1668164103 53853 57407 2 16463 2
1668238671 53853 57407 2 16463 2
1668414392 53853 57407 2 17351 2
1668414418 53853 57407 2 17351 2
1668414460 53853 57407 2 17355 2
1668414540 53853 57407 2 17355 2
1668483619 54308 57407 2 17355 2
1668483808 54308 57407 2 17355 2
1668504577 54444 57407 2 17355 2
1668580041 54444 57407 2 17355 2
1668584529 54444 57407 2 17445 2
1668584552 54444 57407 2 17445 2
1668586639 54444 57407 2 21537 2
1668587394 54444 57407 2 21537 2
1668675478 55381 57407 2 21537 2
1668675557 55381 57407 2 21537 2
1668764313 55381 57407 2 21793 2
1668764354 55381 57407 2 21793 2
1668764454 55381 57407 2 21797 2
1668764564 55381 57407 2 21797 2
