1628751051 2
1628755227 4
1628755559 29678
1628836241 29881
1628837268 29879
1629251868 31155
1629355133 31427
1629355192 31429
1629358807 31525
1629368290 31618
1629442599 31586
1629449175 31603
1629715720 31647
1629715763 32159
1629715797 32357
1629715868 32473
1629783450 32476
1629790864 32478
1629856117 32516
1629856471 32508
1629881887 32577
1629884371 32603
1629948363 32606
1629948472 32622
1629948498 32624
1629948692 32614
1629948802 30913
1629948890 30852
1629949642 30936
1629949733 30936
1629957509 30570
1629962544 30571
1629963084 30469
1629966947 30469
1630029639 29536
1630032863 29545
1630032903 29616
1630055372 29311
1630055421 29317
1630060612 29270
1630063923 29373
1630133786 29387
1630146547 29384
1630146589 29401
1630292684 29552
1630381927 29553
1630391302 29704
1630466428 29736
1630466635 29736
1630480768 29736
1630480904 29753
1630573757 29755
1630573842 29755
1630648836 29757
1630654942 29800
1630663276 29802
1630663379 29802
1631181263 29802
1631259270 29962
1631259334 30008
1631259412 30009
1631259448 30033
1631259524 29207
1631267068 29209
1631267176 29558
1631498929 29621
1631498969 29863
1631499047 30787
1631525937 30789
1631762806 30789
1631781521 30821
1631782935 30821
1631788904 30822
1631788978 30822
1631791162 30826
1631850110 30980
1631850285 31079
1631862465 31190
1631862677 31276
1631874861 31277
1631875467 31257
1631875793 31605
1631944053 31613
1631957117 31686
1631961152 31705
1632298635 31713
1632299013 31713
1632299074 31713
1632377517 31794
1632751358 31800
1632793445 31798
1632815592 31804
1632907187 31978
1632966857 32603
1633662559 32694
1633677799 33358
1633683956 33405
1633687048 33413
1633688115 33422
1633688214 33422
1633689374 33450
1633940473 33908
1633940520 34035
1633947052 34098
1633947178 34135
1634006821 34144
1634115076 34148
1634196290 34156
1634280825 33677
1634287700 34293
1634523289 34481
1634523474 34569
1634523528 34769
1634536931 34769
1634537079 34777
1634540577 34744
1634550593 34872
1634554397 35026
1634554436 35105
1634634420 35319
1634700854 35382
1634800034 35386
1634882883 35349
1634885164 35349
1634889129 35350
1634890134 35351
1634890631 35351
1635146017 35398
1635242283 35462
1635388921 35579
1635388978 35584
1635389016 35586
1635389062 35665
1635404988 35753
1635405031 35753
1635405808 35757
1635499744 35778
1635499785 35794
1635499849 35797
1635499891 36106
1635500093 36121
1635500313 36143
1635500370 36150
1635912020 36153
1635930581 36249
1636083133 36243
1636083169 36253
1636083472 36278
1636092147 36142
1636436784 36153
1636440472 36186
1636525644 36343
1636525682 36793
1636617628 36944
1636622214 36944
1637217527 36948
1637218357 37345
1637218380 37355
1637218545 37380
1637300533 37411
1637575928 37582
1637648478 38821
1637649219 38825
1637649253 38876
1637649287 38866
1637649346 38866
1637649551 39211
1637751808 39311
1637811179 39320
1637811447 39325
1637824491 39325
1637895662 39362
1637895733 39311
1637914899 39719
1638154613 39724
1638184693 39808
1638184730 39933
1638186109 39935
1638262007 39935
1638438014 39942
1638438053 39976
1638438094 40012
1638756474 40012
1638756578 39709
1638757008 39829
1638860020 39795
1638947999 40192
1638951989 40273
1638954295 40280
1638954412 40321
1639020159 40305
1639020412 40305
1639032160 40292
1639041458 40292
1639045830 40595
1639474631 41717
1639538060 41717
1639538163 41717
1639721607 42301
1639726901 42303
1639972825 42313
1639978989 42312
1639981471 42314
1639988608 42376
1639988642 42519
1639988671 42541
1639988696 42534
1640057014 42563
1640082413 42564
1640155705 42702
1640231882 42891
1640231958 42903
1640238447 42907
1640238470 42906
1640238539 42907
1640239589 42804
1640248716 42809
1640312019 42879
1640325535 42881
1640325840 42881
1640340872 42884
1640342785 42893
1640576403 42927
1640576629 42944
1640595722 42977
1640595804 43032
1640599006 43052
1640599602 43052
1640599713 43054
1640599811 43093
1640756774 43107
1640756838 43104
1640756888 43103
1640770015 42935
1640938382 43061
1641278864 43061
1641283991 42953
1641284072 42971
1641292190 42980
1641369999 42981
1641370087 42990
1641548949 42990
1641549028 43001
1641549499 43223
1641793177 43256
1641890935 43259
1641892019 43264
1642044567 43268
1642062113 43528
1642062625 43654
1642064093 43656
1642140912 43938
1642148512 43933
1642399529 43949
1642404468 43949
1642406243 44001
1642407264 44019
1642409828 44044
1642417751 44112
1642498716 44112
1642498882 44111
1642587514 44214
1642587540 44220
1642644678 44466
1642648306 44485
1642649102 44517
1642661540 44525
1642731039 44527
1642731076 44533
1642735909 44539
1642751504 44545
1643079002 44545
1643079051 44644
1643079090 44644
1643267303 44647
1643267420 44650
1643351031 44650
1643351101 44656
1644219339 44638
1644219422 44787
1644222175 44783
1644301988 44981
1644313750 44996
1644388115 45058
1644551965 45197
1644809889 45212
1644913285 45228
1644978136 45749
1644978494 45816
1644993996 46058
1644994030 46106
1644994058 46119
1645005153 46126
1645005171 46274
1645067221 46439
1645067739 46439
1645068297 46464
1645086719 46872
1645149533 46874
1645423922 46940
1645428632 46952
1645433616 46979
1645520968 47001
1645602222 47565
1645607838 47597
1645691451 47768
1645699107 47846
1645768953 47849
1646041309 47849
1646121755 47903
1646127956 47992
1646128334 47992
1646192453 47991
1646286948 48073
1646287102 48079
1646287571 48109
1646294568 48109
1646301172 48196
1646302812 48520
1646380376 48524
1646387790 48527
1646621326 48528
1646621779 48528
1646646966 48534
1646647046 48542
1646647074 48743
1646708704 48832
1646718542 48854
1646728928 49050
1646790415 49054
1646790514 49062
1646877533 49069
1646894420 49133
1646897938 49133
1646898998 49176
1646899050 49192
1646899102 49192
1646899144 49192
1646899193 49192
1646899231 49387
1646981455 49389
1646981732 49300
1647245847 49320
1647571701 49338
1647571847 49057
1647831907 49058
1647831946 49060
1647832022 49214
1647832105 49218
1647832134 49671
1647844792 49714
1647844869 49719
1647918042 49719
1647921121 49719
1648103592 49725
1648103646 49813
1648114616 49860
1648114789 49875
1648114871 49878
1648114909 49969
1648114931 49954
1648176908 50035
1648176969 50833
1648178240 50843
1648178848 50843
1648180145 50845
1648187430 50846
1648202215 51554
1648203916 51950
1648437051 51953
1648437077 51953
1648437221 51958
1648458142 52015
1648458297 52015
1648607458 52028
1648695950 52028
1648695984 52064
1648696020 52106
1648780779 52122
1648780894 52362
1648780975 52372
1648781009 52380
1648781150 52381
1649229193 52430
1649234417 52557
1649299668 52574
1649320996 52607
1649321078 52724
1649321111 52725
1649327823 52767
1649404703 52812
1649408463 52790
1649408514 53141
1649412802 53170
1649412862 53174
1649412936 53173
1649657907 53288
1649663650 53368
1649731651 53565
1649732132 53673
1649732170 53919
1649732236 53918
1649833804 54138
1649901160 54143
1649918131 54169
1649920471 54181
1649926837 54269
1650000888 54269
1650005129 55705
1650005524 55709
1650253412 55713
1650270592 55718
1650270653 55738
1650336263 55751
1650358708 55782
1650362611 55865
1650434303 55866
1650441350 55872
1650442925 55987
1650444609 56031
1650444933 56031
1650511756 56216
1650524469 56298
1650524612 56498
1650779946 56666
1650786617 56680
1650790862 56680
1650791208 56715
1650791554 56734
1650791949 56734
1650792181 56734
1650856173 56750
1650873621 56796
1650875787 57001
1650951560 57126
1650951700 57125
1650969018 57128
1651030890 57224
1651041009 57235
1651049479 57363
1651053113 57473
1651124096 57498
1651222820 57543
1651224763 57481
1651731946 57730
1651739746 57735
1651818996 57739
1651910610 57731
1652176029 57973
1652252896 57985
1652262578 58011
1652264942 58070
1652265357 58081
1652347361 58101
1652430267 58440
1652667400 58515
1652669708 58517
1652682021 58522
1652757611 58546
1652768713 58550
1652860334 58541
1652867498 58544
1652938560 58549
1653033881 58725
1653034576 58724
1653042406 58726
1653297418 58731
1653297752 59069
1653357481 59077
1653385189 59988
1653387199 59989
1653459610 60154
1653467779 60164
1653468091 60163
1653474384 60165
1653474644 60168
1653535693 60189
1653543634 60192
1653560997 60320
1653645089 60836
1653875985 60842
1653891153 60841
1653891504 60840
1653904927 60842
1653967486 61021
1653967636 61041
1653976502 61053
1653990985 61039
1654054447 61048
1654069571 61161
1654069673 61161
1654076135 61207
1654161459 61490
1654164268 61694
1654483998 61727
1654487056 61742
1654506618 61801
1654506701 61806
1654508277 61809
1654568442 61868
1654584810 61873
1654590717 61876
1654591818 61876
1654593280 61882
1654593765 61875
1654676062 61884
1654684802 61896
1654763568 62031
1654763677 62030
1654763743 62030
1654764965 62031
1654773537 62118
1654851373 62276
1655101465 62285
1655103558 62288
1655195234 62292
1655195373 62298
1655199550 62348
1655289206 62351
1655364763 62357
1655365542 62362
1655366235 62362
1655366459 62368
1655458041 62734
1655693987 62743
1655716348 62794
1655805239 62806
1655867287 62815
1655951411 62822
1655972676 62971
1655972794 63039
1655972854 63039
1656059024 63380
1656059225 63387
1656059264 63387
1656312185 63529
1656472915 63517
1656496565 63597
1656498826 63597
1656559346 63612
1656643889 63626
1656667334 64042
1656667838 66124
1657001767 66143
1657104232 66586
1657104318 67355
1657617755 67558
1657623500 67583
1657699188 67610
1657793828 68050
1657799171 68068
1657882503 68581
1658114566 68586
1658289461 68582
1658382432 70219
1658486643 70579
1658486862 70579
1658729794 70548
1658804746 71316
1658821290 71345
1658829269 71357
1658829896 71357
1658908305 71527
1659004339 71603
1659080532 72265
1659081004 72430
1659088744 72432
1659088954 72433
1659349098 72623
1659409859 72645
1659420334 72639
1659426565 72651
1659512418 72922
1659512469 72926
1659514512 72930
1659515630 72931
1659522955 72933
1659607068 73026
1659677897 73200
1659678253 73352
1659679580 73353
1659682941 73360
1659694565 73424
1659951060 73783
1659951590 73805
1660031855 73813
1660042927 73875
1660115820 74349
1660115973 75881
1660122216 75895
1660124642 75898
1660296965 75952
1660299840 76040
1660556136 76059
1660634944 76165
1660641241 76165
1660790455 76200
1660792676 76225
1660819680 76819
1660819750 77234
1661136039 77275
1661140784 77286
1661156581 77385
1661157018 77436
1661160018 77608
1661252300 77644
1661507203 77652
1661509276 79768
1661759274 79777
1661765120 82997
1661933098 83091
1662015105 83312
1662098664 83189
1662098810 83190
1662364697 83201
1662365303 83264
1662455679 83267
1662456060 83271
1662515220 83455
1662516364 83455
1662530874 83480
1662534240 83508
1662543546 83510
1662618141 83745
1662629893 83754
1663034509 84082
1663153917 84340
1663757455 85441
1663827987 86026
1663840785 86204
1664174034 86258
1664174799 86279
1664184239 86293
1664263779 86371
1664446742 87560
1664530251 87767
1665208484 87811
1665214597 87800
1665224748 87883
1665283853 87895
1665285893 87895
1665395224 87970
1665478913 88411
1665560522 88429
1665646265 88514
1665651687 88515
1665740916 88867
1665987067 88908
1666001074 89050
1666162978 89460
1666173614 89479
1666175592 89492
1666336107 90139
1666590410 90183
1666603339 90373
1666691760 90427
1666782088 90985
1666782251 90986
1666861418 91110
1666867323 91300
1666952635 93228
1666952779 93348
1667209821 93362
1667285244 93459
1667285368 93641
1667359032 93713
1667376213 93744
1667554950 94412
1667556271 94416
1667990374 94421
1667990590 95189
1668147484 95784
1668162692 95822
1668238671 95811
1668414540 95874
1668483808 96261
1668580041 96391
1668587394 96505
1668675557 97439
1668764564 97617
