1638928638 1 0 0 0 0 0
1639120494 1 1 0 0 0 0
1639123983 2 1 0 0 0 0
1639650836 2 2 0 0 0 0
1639650910 3 2 0 0 0 0
1639650944 4 2 0 0 0 0
1639735230 4 3 0 0 0 0
1639735327 5 3 0 0 0 0
1639735351 6 3 0 0 0 0
1641803008 6 4 0 0 0 0
1641803124 7 4 0 0 0 0
1641803155 8 4 0 0 0 0
1642417786 8 5 0 0 0 0
1642417845 9 5 0 0 0 0
1642417882 10 5 0 0 0 0
1642504276 10 6 0 0 0 0
1642504341 11 6 0 0 0 0
1642504459 12 6 0 0 0 0
1642660925 12 7 0 0 0 0
1642662513 13 7 0 0 0 0
1642662540 14 7 0 0 0 0
1642671472 14 7 0 1 0 0
1642671728 14 8 0 1 0 0
1642672301 15 8 0 1 0 0
1642672333 16 8 0 1 0 0
1642672925 17 8 0 1 0 0
1642672991 18 8 0 1 0 0
1642673242 19 8 0 1 0 0
1642674112 19 9 0 1 0 0
1642736008 19 9 1 1 0 0
1642743968 19 10 1 1 0 0
1642744049 20 10 1 1 0 0
1642744082 21 10 1 1 0 0
1642746580 21 10 2 1 0 0
1642749607 21 10 3 1 0 0
1642754176 21 10 4 1 0 0
1642755097 21 10 5 1 0 0
1642756197 21 10 6 1 0 0
1642756366 22 10 6 1 0 0
1642756437 23 10 6 1 0 0
1642760695 23 11 6 1 0 0
1642760849 24 11 6 1 0 0
1642760883 25 11 6 1 0 0
1643167845 25 12 6 1 0 0
1643168532 26 12 6 1 0 0
1643168557 27 12 6 1 0 0
1643182781 27 13 6 1 0 0
1643184168 28 13 6 1 0 0
1643184244 29 13 6 1 0 0
1643184269 30 13 6 1 0 0
1643249182 30 14 6 1 0 0
1643249286 31 14 6 1 0 0
1643252328 32 14 6 1 0 0
1643252349 33 14 6 1 0 0
1644152363 33 14 6 1 1 0
1644199602 34 14 6 1 1 0
1644199629 35 14 6 1 1 0
1644225376 35 14 7 1 1 0
1644225452 36 14 7 1 1 0
1644225477 37 14 7 1 1 0
1644463327 38 14 7 1 1 0
1644463368 39 14 7 1 1 0
1646733497 39 15 7 1 1 0
1646733590 40 15 7 1 1 0
1646733898 40 16 7 1 1 0
1646733982 41 16 7 1 1 0
1646816856 42 16 7 1 1 0
1646883100 42 17 7 1 1 0
1646883343 43 17 7 1 1 0
1647859299 43 18 7 1 1 0
1647859440 44 18 7 1 1 0
1647937022 45 18 7 1 1 0
1648002655 45 19 7 1 1 0
1648003970 46 19 7 1 1 0
1648019519 47 19 7 1 1 0
1648031145 47 20 7 1 1 0
1648031254 48 20 7 1 1 0
1648031662 49 20 7 1 1 0
1648032636 49 21 7 1 1 0
1648032833 50 21 7 1 1 0
1648032931 51 21 7 1 1 0
1648089077 52 21 7 1 1 0
1648089085 53 21 7 1 1 0
1648108764 53 22 7 1 1 0
1648108963 54 22 7 1 1 0
1648108985 55 22 7 1 1 0
1648456198 55 23 7 1 1 0
1648456526 56 23 7 1 1 0
1648457347 56 24 7 1 1 0
1648457505 57 24 7 1 1 0
1648540223 58 24 7 1 1 0
1648893396 58 25 7 1 1 0
1648893625 58 26 7 1 1 0
1648894766 59 26 7 1 1 0
1648895682 60 26 7 1 1 0
1649213942 61 26 7 1 1 0
1649310826 61 27 7 1 1 0
1649310887 62 27 7 1 1 0
1649327173 62 28 7 1 1 0
1649327262 63 28 7 1 1 0
1649670010 64 28 7 1 1 0
1650619232 64 29 7 1 1 0
1650619288 65 29 7 1 1 0
1653035815 65 30 7 1 1 0
1653036736 66 30 7 1 1 0
1653036744 67 30 7 1 1 0
1653905030 67 31 7 1 1 0
1653907093 68 31 7 1 1 0
1654136912 69 31 7 1 1 0
1655346369 70 31 7 1 1 0
1658718115 70 32 7 1 1 0
1658718416 71 32 7 1 1 0
1658719134 71 33 7 1 1 0
1658721965 72 33 7 1 1 0
1658734119 72 34 7 1 1 0
1658734262 73 34 7 1 1 0
1659692380 73 35 7 1 1 0
1659693786 74 35 7 1 1 0
1659925283 75 35 7 1 1 0
1668679433 75 36 7 1 1 0
1668759657 76 36 7 1 1 0
1675417295 76 37 7 1 1 0
1675419792 77 37 7 1 1 0
1675665128 78 37 7 1 1 0
1675748211 78 38 7 1 1 0
1675748450 79 38 7 1 1 0
1675827187 80 38 7 1 1 0
1675913092 80 39 7 1 1 0
1675913184 81 39 7 1 1 0
1675999264 82 39 7 1 1 0
1676362573 82 40 7 1 1 0
1676363488 83 40 7 1 1 0
1676428815 84 40 7 1 1 0
1676456385 84 41 7 1 1 0
1676456912 85 41 7 1 1 0
1676512199 86 41 7 1 1 0
1676539098 86 42 7 1 1 0
1676539558 87 42 7 1 1 0
1676601315 88 42 7 1 1 0
1676614018 88 43 7 1 1 0
1676614698 89 43 7 1 1 0
1676859354 90 43 7 1 1 0
1676872713 90 44 7 1 1 0
1676873401 91 44 7 1 1 0
1676944996 92 44 7 1 1 0
1676964614 92 45 7 1 1 0
1676965507 93 45 7 1 1 0
1677034000 94 45 7 1 1 0
1677045231 95 45 7 1 1 0
1677045889 95 46 7 1 1 0
1677124358 95 47 7 1 1 0
1677124429 96 47 7 1 1 0
1677147722 97 47 7 1 1 0
1677147909 97 48 7 1 1 0
1677147992 98 48 7 1 1 0
1677232800 98 49 7 1 1 0
1677233498 99 49 7 1 1 0
1677467924 100 49 7 1 1 0
1677579614 100 50 7 1 1 0
1677579740 101 50 7 1 1 0
1677634660 102 50 7 1 1 0
1677651817 102 51 7 1 1 0
1677652323 102 52 7 1 1 0
1677652377 102 53 7 1 1 0
1677652747 103 53 7 1 1 0
1677664651 103 54 7 1 1 0
1677665150 104 54 7 1 1 0
1677722944 105 54 7 1 1 0
1677752604 105 55 7 1 1 0
1677808620 106 55 7 1 1 0
1677808734 107 55 7 1 1 0
1677837115 107 56 7 1 1 0
1677839132 108 56 7 1 1 0
1678067864 109 56 7 1 1 0
1678096023 109 57 7 1 1 0
1678096173 110 57 7 1 1 0
1678156907 111 57 7 1 1 0
1678177631 111 58 7 1 1 0
1678177795 111 59 7 1 1 0
1678240069 112 59 7 1 1 0
1678242105 113 59 7 1 1 0
1678341107 114 59 7 1 1 0
1679897449 114 60 7 1 1 0
1679897513 115 60 7 1 1 0
1679984070 116 60 7 1 1 0
1681455351 116 61 7 1 1 0
1681455664 117 61 7 1 1 0
1681703024 118 61 7 1 1 0
1683775029 119 61 7 1 1 0
1683775121 119 62 7 1 1 0
1684490083 119 63 7 1 1 0
1684490164 120 63 7 1 1 0
1684822234 120 64 7 1 1 0
1684827659 121 64 7 1 1 0
1684827671 122 64 7 1 1 0
1685001409 122 65 7 1 1 0
1685002645 123 65 7 1 1 0
1685089302 123 66 7 1 1 0
1685089670 124 66 7 1 1 0
1685415515 125 66 7 1 1 0
1686292022 125 67 7 1 1 0
1686292508 126 67 7 1 1 0
1686646866 127 67 7 1 1 0
1686724914 127 68 7 1 1 0
1686725923 128 68 7 1 1 0
1686820150 128 69 7 1 1 0
1686820362 129 69 7 1 1 0
1686822634 130 69 7 1 1 0
1686900711 130 70 7 1 1 0
1686910447 131 70 7 1 1 0
1687240657 132 70 7 1 1 0
1687254667 132 71 7 1 1 0
1687254758 133 71 7 1 1 0
1687327966 133 72 7 1 1 0
1687328808 134 72 7 1 1 0
1687341113 134 73 7 1 1 0
1687341358 135 73 7 1 1 0
1687665425 136 73 7 1 1 0
1687689656 136 74 7 1 1 0
1687690091 137 74 7 1 1 0
1687837836 138 74 7 1 1 0
1687919188 138 75 7 1 1 0
1687919955 139 75 7 1 1 0
1688004198 140 75 7 1 1 0
1688032877 140 76 7 1 1 0
1688033393 141 76 7 1 1 0
1688034329 142 76 7 1 1 0
1688096687 143 76 7 1 1 0
1688379476 143 77 7 1 1 0
1688379764 144 77 7 1 1 0
1688453009 145 77 7 1 1 0
1689061234 145 78 7 1 1 0
1689071722 146 78 7 1 1 0
1689149042 147 78 7 1 1 0
1689328398 147 79 7 1 1 0
1689328623 147 79 7 2 1 0
1689562430 147 80 7 2 1 0
1689564459 148 80 7 2 1 0
1689565881 148 81 7 2 1 0
1689567365 149 81 7 2 1 0
1689645206 150 81 7 2 1 0
1689762843 150 82 7 2 1 0
1689763249 151 82 7 2 1 0
1689821543 152 82 7 2 1 0
1689846691 152 83 7 2 1 0
1689847025 153 83 7 2 1 0
1689847398 154 83 7 2 1 0
1689911780 155 83 7 2 1 0
1689932821 155 84 7 2 1 0
1689933075 156 84 7 2 1 0
1690168450 156 84 7 2 1 1
1690535544 156 85 7 2 1 1
1690535780 157 85 7 2 1 1
1690783483 157 86 7 2 1 1
1690783827 158 86 7 2 1 1
1690858918 158 87 7 2 1 1
1690859700 159 87 7 2 1 1
1690883979 160 87 7 2 1 1
1691128889 160 88 7 2 1 1
1691129079 161 88 7 2 1 1
1691380118 162 88 7 2 1 1
1691490156 162 89 7 2 1 1
1691490291 163 89 7 2 1 1
1691547015 164 89 7 2 1 1
1691573212 164 90 7 2 1 1
1691573446 165 90 7 2 1 1
1691573905 166 90 7 2 1 1
1691639927 167 90 7 2 1 1
1693274183 167 91 7 2 1 1
1693290578 167 92 7 2 1 1
1693290774 168 92 7 2 1 1
1693365517 169 92 7 2 1 1
1693807592 169 93 7 2 1 1
1693879310 169 94 7 2 1 1
1693906636 169 95 7 2 1 1
1693907202 170 95 7 2 1 1
1693971055 171 95 7 2 1 1
1694167165 171 96 7 2 1 1
1694168072 172 96 7 2 1 1
1694416637 173 96 7 2 1 1
1694743427 173 97 7 2 1 1
1694766540 173 98 7 2 1 1
1694774422 174 98 7 2 1 1
1695015923 175 98 7 2 1 1
1695121980 175 99 7 2 1 1
1695122060 176 99 7 2 1 1
1695207530 176 100 7 2 1 1
1695207605 177 100 7 2 1 1
1695263782 178 100 7 2 1 1
1695276430 179 100 7 2 1 1
1695282796 179 101 7 2 1 1
1695291831 179 102 7 2 1 1
1695292372 180 102 7 2 1 1
1695724992 180 103 7 2 1 1
1695725147 181 103 7 2 1 1
1695779533 182 103 7 2 1 1
1696759686 182 104 7 2 1 1
1696759822 183 104 7 2 1 1
1696840510 184 104 7 2 1 1
1697019875 184 105 7 2 1 1
1697020043 185 105 7 2 1 1
1697076140 186 105 7 2 1 1
1697685262 187 105 7 2 1 1
1699931019 187 106 7 2 1 1
1699931296 188 106 7 2 1 1
1699949858 188 107 7 2 1 1
1699950088 189 107 7 2 1 1
1699956351 189 108 7 2 1 1
1699956611 190 108 7 2 1 1
1700128956 190 109 7 2 1 1
1700129157 191 109 7 2 1 1
1700220465 191 110 7 2 1 1
1700220965 191 111 7 2 1 1
1700221054 192 111 7 2 1 1
1700444973 193 111 7 2 1 1
1700475944 193 112 7 2 1 1
1700476240 194 112 7 2 1 1
1700476733 194 113 7 2 1 1
1700477027 195 113 7 2 1 1
1700478064 195 114 7 2 1 1
1700478713 196 114 7 2 1 1
1700478724 197 114 7 2 1 1
1700545895 198 114 7 2 1 1
