1645426845 87 0 0 0
1645435414 87 19116 0 0
1645441295 87 19125 0 0
1645441523 87 19125 0 0
1645499379 87 19133 0 0
1645502111 87 19160 0 0
1645502328 87 19161 0 0
1645510219 87 19172 0 0
1645525807 87 19180 0 0
1645526138 87 19180 0 0
1645604396 87 19195 0 0
1645604654 87 19196 0 0
1645613309 87 19202 0 0
1645669202 87 19202 0 0
1646029231 87 19256 0 0
1646029252 87 19256 0 0
1646030568 87 19257 0 0
1646103177 87 19257 0 0
1646640488 87 19344 0 0
1646813511 87 19344 0 0
1646817649 87 19503 0 0
1646817668 87 19510 0 0
1646878266 87 19510 0 0
1646878277 87 19510 0 0
1646906326 87 19511 0 0
1646906433 87 19511 0 0
1646906505 87 19511 0 0
1646906625 87 19514 0 0
1646963673 87 19514 0 0
1646964099 87 19514 0 0
1646964109 87 19514 0 0
1646966211 87 19521 0 0
1646966239 87 19521 0 0
1646966976 87 19521 0 0
1646967099 87 19521 0 0
1646967670 87 19521 0 0
1647333666 87 19949 0 0
1647333749 87 19949 0 0
1647398205 87 19949 0 0
1647423642 87 19993 0 0
1647423796 87 19993 0 0
1647501859 87 19993 0 0
1648457043 87 19998 0 0
1648457055 87 19999 0 0
1648457110 87 19999 0 0
1648545656 87 20081 0 0
1648545693 87 20081 0 0
1648545736 87 20083 0 0
1648550072 87 20083 0 0
1648605827 87 20083 0 0
1648781843 87 20083 0 0
1649918555 87 20158 0 0
1649918725 87 20158 0 0
1650252528 87 20158 0 0
1650252595 87 20164 0 0
1650254190 87 20164 0 99
1650254229 87 20164 0 99
1650254514 87 20164 0 99
1650260268 87 20164 0 99
1650969676 87 22105 0 99
1650969812 87 22105 0 99
1651025231 87 22112 0 99
1651025303 87 22112 0 99
1651025752 87 22141 0 99
1651025985 87 22153 0 99
1651027456 87 22153 0 99
1651028601 87 22153 0 99
1651722220 87 22172 0 99
1651722258 87 22172 0 99
1651722900 87 22172 0 99
1651735650 87 22200 0 99
1651736038 87 22200 0 99
1651818850 87 22200 0 99
1654585017 87 22208 0 99
1654586703 87 22208 0 99
1654587085 87 22208 0 99
1654745683 87 22252 0 99
1654754826 87 22252 0 99
1654764225 87 22252 0 99
1654832633 87 22252 0 99
1656985983 87 22254 0 99
1657011140 87 22679 0 99
1657011240 87 22682 0 99
1657016615 87 22682 0 99
1657073345 87 22682 0 99
1657161932 87 22694 0 99
1657166127 87 22759 0 99
1657257996 87 24312 0 99
1657268322 87 24315 0 99
1657508562 87 24315 0 99
1657508570 87 24315 0 99
1657852097 87 24315 0 99
1659421930 87 24564 0 99
1659514551 87 24564 0 99
1659938290 87 24588 0 99
1659938810 87 24588 0 99
1659951799 87 24590 0 99
1659952413 87 24590 0 99
1660009443 87 24590 0 99
1660028512 87 24794 0 99
1660029098 87 24796 0 99
1660029722 87 24797 0 99
1660098758 87 24797 0 99
1660115786 87 24797 0 99
1660117009 87 24800 0 99
1660124692 87 24800 0 99
1660124893 87 24800 0 99
1660185977 87 24800 0 99
1663728719 87 25407 0 99
1663729814 87 25428 0 99
1663730594 87 25428 0 99
1665212202 87 25429 0 99
1665285841 87 26125 0 99
1665366487 87 26125 0 99
1665366549 87 26125 0 99
1665366976 87 26125 0 99
1665395265 87 27610 0 99
1665398220 87 27610 0 99
1665471587 87 28442 0 99
1665626413 87 28442 0 99
1665639964 87 28442 0 99
1665654412 87 29181 0 99
1665654570 87 29181 0 99
1665656985 87 29185 0 99
1665657004 87 29185 0 99
1665657181 87 29185 0 99
1665712184 87 29185 0 99
1665739569 87 29205 0 99
1665741289 87 29205 0 99
1665971260 87 29205 0 99
1665975787 87 29208 0 99
1665976480 87 29208 0 99
1665976599 87 29208 0 99
1666600286 87 29258 0 99
1666600340 87 29259 0 99
1666600822 87 29259 0 99
1666864577 87 29269 0 99
1666864772 87 29269 0 99
1667200207 87 29278 0 99
1667209239 87 29712 0 99
1667210257 87 29722 0 99
1667272894 87 29742 0 99
1667272967 87 29742 0 99
1667360280 87 30134 0 99
1667360341 87 30134 0 99
1667371585 87 30136 0 99
1667371730 87 30136 0 99
1667373044 87 30136 0 99
1667442110 87 30136 0 99
1669016400 87 30543 0 99
1669021683 87 30547 0 99
1669022678 87 30547 0 99
1669104286 87 30547 0 99
1669283505 87 30622 0 99
1669284031 87 30622 0 99
1669342000 87 30622 0 99
1669346697 87 30653 0 99
1669346842 87 30653 0 99
1669347676 87 30653 0 99
1669364657 87 30863 0 99
1669365957 87 30863 0 99
1669602048 87 30867 0 99
1669602212 87 30867 0 99
1669629314 87 30876 0 99
1669797374 87 30884 0 99
1670221965 87 30942 0 99
1673934695 87 30942 0 99
1675148939 87 30967 0 99
1675151937 87 30967 0 99
1675232340 87 30967 0 99
1675325754 87 30975 0 99
1675907559 87 30995 0 99
1675999528 87 31009 0 99
1676001070 87 31014 0 99
1676001492 87 31014 0 99
1676009582 87 31014 0 99
1676009650 87 31014 0 99
1676010042 87 31014 0 99
1676341284 87 31020 0 99
1676342137 87 31020 0 99
1676352637 87 31020 0 99
1679561710 87 31178 0 99
1679653496 87 31178 0 99
1679986640 87 31178 0 99
1679987021 87 31178 0 99
1683343112 87 31196 0 99
1683343249 87 31196 0 99
1683526493 87 31196 0 99
1683527719 87 31235 0 99
1683528591 87 31235 0 99
1683597002 87 31235 0 99
1686714193 87 31254 0 99
1686715839 87 31254 0 99
1686908591 87 31278 0 99
1686910430 87 31278 0 99
1687154452 87 31282 0 99
1687154683 87 31282 0 99
1687169332 87 31282 0 99
1687231785 87 31282 0 99
1687761252 87 31291 0 99
1687765281 87 31291 0 99
1688460513 87 31300 0 99
1688521897 87 31300 0 99
1688522972 87 31300 0 99
1688523317 87 31300 0 99
1688549119 87 31304 0 99
1688549415 87 31304 0 99
1688955834 87 31304 0 99
1689645612 87 31307 0 99
1689645773 87 31307 0 99
1689647337 87 31307 0 99
1689658825 87 31307 0 99
1698031794 87 31327 0 99
1698044148 87 31327 0 99
1698045766 87 31327 0 99
1698116366 87 31327 0 99
