1670218433 0 1 0
1670384959 1 1 0
1670391048 1 2 0
1670409258 2 2 0
1670409487 2 3 0
1670484116 3 3 0
1670495870 4 3 0
1670496218 4 4 0
1670582037 5 4 0
1670582452 5 5 0
1670841670 6 5 0
1670841714 7 5 0
1670841982 7 6 0
1671005008 8 6 0
1671005231 8 7 0
1671005908 8 8 0
1671014119 9 8 0
1671014691 9 9 0
1671090102 10 9 0
1671090179 10 10 0
1671097038 11 10 0
1671097222 11 11 0
1671097717 11 12 0
1671102250 12 12 0
1671155708 13 12 0
1671155978 13 13 0
1671158771 13 14 0
1671191372 14 14 0
1671429742 14 15 0
1671432581 14 16 0
1671447277 15 16 0
1671447512 15 17 0
1671503588 16 17 0
1671504060 16 18 0
1671506555 17 18 0
1671522311 18 18 0
1671522589 19 18 0
1671522676 19 19 0
1671523702 19 20 0
1671533384 20 20 0
1671533470 20 21 0
1671593384 20 22 0
1671626196 21 22 0
1671672783 21 23 0
1671677484 22 23 0
1671678367 22 24 0
1671705328 23 24 0
1671759114 23 25 0
1671760098 24 25 0
1671792144 24 26 0
1672018125 25 26 0
1672042032 26 26 0
1672042186 26 27 0
1672042662 27 27 0
1672043565 27 28 0
1672050422 28 28 0
1672050553 28 29 0
1672113593 29 29 0
1672119484 29 30 0
1672136545 30 30 0
1672137638 30 31 0
1672740547 31 31 0
1672797271 32 31 0
1672797800 32 32 0
1672798497 33 32 0
1672798988 33 33 0
1672799436 33 34 0
1672828209 34 34 0
1672829115 34 35 0
1672883583 34 36 0
1672898950 35 36 0
1672900791 36 36 0
1672906878 37 36 0
1672911569 38 36 0
1672915700 38 37 0
1672970707 38 38 0
1672983768 39 38 0
1672992211 40 38 0
1672994165 41 38 0
1672998394 42 38 0
1672999321 43 38 0
1673228458 43 39 0
1673228621 44 39 0
1673248926 44 40 0
1673255847 45 40 0
1673262101 45 41 0
1673337282 46 41 0
1673344725 47 41 0
1673344990 48 41 0
1673346321 49 41 0
1673346930 49 42 0
1673423317 50 42 0
1673425334 51 42 0
1673431595 52 42 0
1673432539 53 42 0
1673432629 53 43 0
1673488488 53 44 0
1673492832 53 45 0
1673503819 54 45 0
1673504678 55 45 0
1673513493 56 45 0
1673518568 57 45 0
1673590224 58 45 0
1673592908 58 46 0
1673594723 59 46 0
1673595387 59 47 0
1673595482 59 48 0
1673606119 60 48 0
1673606177 60 49 0
1673837983 61 49 0
1673851795 62 49 0
1673861142 63 49 0
1673862202 63 49 1
1673864968 64 49 1
1673936885 65 49 1
1673941849 66 49 1
1673941920 66 49 2
1674972141 67 49 2
1674974558 67 50 2
1675074875 68 50 2
1675074981 68 51 2
1675154979 69 51 2
1675217316 70 51 2
1675217570 70 52 2
1675218109 70 53 2
1675218172 70 54 2
1675230160 71 54 2
1675232657 71 55 2
1675241882 71 56 2
1675310193 72 56 2
1675331618 73 56 2
1675333928 73 57 2
1675389631 73 58 2
1678086324 74 58 2
1678089309 75 58 2
1678089456 75 59 2
1678185407 76 59 2
1678186106 76 60 2
1678271923 77 60 2
1678271997 77 61 2
1678339797 78 61 2
1678358002 79 61 2
1678412630 79 62 2
1678444031 80 62 2
1678444399 80 63 2
1678703791 81 63 2
1678759686 81 64 2
1678790056 82 64 2
1678790130 82 65 2
1679048528 83 65 2
1679278873 83 66 2
1679307803 83 67 2
1679537491 84 67 2
1679653467 84 68 2
1679653686 85 68 2
1679886928 86 68 2
1680000795 87 68 2
1680001653 87 69 2
1680085868 88 69 2
1680086125 88 70 2
1680172732 89 70 2
1680173585 89 71 2
1680230852 89 72 2
1680244697 90 72 2
1680245113 90 73 2
1680257152 92 73 2
1680257808 93 73 2
1680258510 93 74 2
1680486520 93 75 2
1680502257 94 75 2
1680502501 95 75 2
1680502618 96 75 2
1680502663 96 76 2
1680502794 97 76 2
1680518402 97 77 2
1680518907 98 77 2
1680519309 98 78 2
1680573577 98 79 2
1680594692 99 79 2
1680594957 99 80 2
1680595540 99 81 2
1680766999 100 81 2
1680767184 100 82 2
1680773480 100 83 2
1680857826 101 83 2
1680864094 102 83 2
1681090885 102 84 2
1681107360 102 85 2
1681193649 103 85 2
1681278326 104 85 2
1681367598 105 85 2
1681382128 106 85 2
1681385753 106 86 2
1681699052 107 86 2
1681699341 107 87 2
1681716545 108 87 2
1681716603 108 88 2
1681716757 108 89 2
1681781886 109 89 2
1681782854 109 90 2
1681785893 109 91 2
1681813860 110 91 2
1681814258 110 92 2
1681898724 111 92 2
1681903976 111 93 2
1682067659 112 93 2
1682068742 112 94 2
1682300365 113 94 2
1682301251 113 95 2
1682307439 114 95 2
1682318781 115 95 2
1682319237 116 95 2
1682387570 116 96 2
1682505676 117 96 2
1682567681 118 96 2
1682574709 118 97 2
1683185519 118 98 2
1683267526 119 98 2
1683267610 119 99 2
1683268063 119 100 2
1683365887 120 100 2
1683366820 121 100 2
1683367002 121 101 2
1683859250 122 101 2
1683859529 122 102 2
1684394822 123 102 2
1684395028 123 103 2
1684492336 124 103 2
1684492392 124 104 2
1684892441 124 105 2
1685096877 125 105 2
1685097310 125 106 2
1685344238 126 106 2
1685346485 127 106 2
1685442457 128 106 2
1685515937 129 106 2
1685526023 135 106 2
1692953871 136 106 2
1692957124 136 106 3
1695699322 137 106 3
1695724252 138 106 3
1695779681 138 107 3
1695779688 138 108 3
1695796634 138 109 3
1697161506 139 109 3
1697161564 140 109 3
1697182782 140 110 3
1697192281 140 111 3
1697192599 141 111 3
1697193349 141 112 3
1697443689 142 112 3
1697450778 142 113 3
1697509275 142 114 3
1697527070 143 114 3
1697527380 143 115 3
1697527867 143 116 3
1697612253 144 116 3
1697613631 145 116 3
1697680066 146 116 3
1697709393 147 116 3
1697709760 147 117 3
1697792228 148 117 3
1697792288 148 118 3
1698114628 148 119 3
1698227844 149 119 3
1698286248 149 120 3
1698290381 150 120 3
1698291656 150 121 3
1698308093 150 122 3
1698319825 151 122 3
1698323307 152 122 3
1698372500 152 123 3
1698379001 152 124 3
1698395753 153 124 3
1698402016 153 125 3
1698718216 154 125 3
1698834393 155 125 3
1698834671 155 126 3
1698894540 156 126 3
1698894997 156 127 3
1698895008 156 128 3
1698919499 157 128 3
1699235064 157 129 3
1699327818 158 129 3
1699328079 158 130 3
1699409714 158 131 3
1700113029 158 132 3
