1670218261 2
1670998757 1593877
1671157620 1595286
1671601311 1607221
1673230443 1611996
1673401800 1614009
1673492667 1616037
1673604053 1616108
1675131723 1618295
1675234501 1618433
1675392999 1619023
1679297673 1620404
1680230836 1626101
1680764917 1626255
1680835426 1626579
1681352336 1629236
1682217304 1630986
1682299577 1631178
1682586774 1633615
1683875356 1636101
1684321343 1636109
1684387874 1636114
1685606504 1640614
1697538778 1643485
1697798279 1643700
1698136265 1643831
1698752005 1646468
1699009334 1649148
1699524211 1651427
1699612736 1651848
1699870961 1652378
