1627887265 1 0 0 0 0 0
1627888876 1 0 0 0 1 0
1628130133 1 0 1 0 1 0
1628131353 1 0 2 0 1 0
1628133346 1 0 3 0 1 0
1628246256 1 0 4 0 1 0
1628319813 1 1 4 0 1 0
1628319917 1 2 4 0 1 0
1628319999 1 3 4 0 1 0
1628320027 1 4 4 0 1 0
1628320131 1 5 4 0 1 0
1628320164 1 6 4 0 1 0
1628327972 1 6 5 0 1 0
1628327990 1 6 6 0 1 0
1628480094 1 6 7 0 1 0
1628496561 1 6 8 0 1 0
1628675938 1 6 9 0 1 0
1628757159 1 6 10 0 1 0
1628826026 1 7 10 0 1 0
1628826422 1 8 10 0 1 0
1628845319 1 8 11 0 1 0
1629109598 1 9 11 0 1 0
1629109755 1 10 11 0 1 0
1629110369 2 10 11 0 1 0
1629112054 2 10 12 0 1 0
1629112172 2 10 13 0 1 0
1629250594 2 11 13 0 1 0
1629279985 3 11 13 0 1 0
1629280036 4 11 13 0 1 0
1629423991 4 12 13 0 1 0
1629424046 4 13 13 0 1 0
1629440876 4 13 14 0 1 0
1629441047 5 13 14 0 1 0
1629441135 6 13 14 0 1 0
1629443344 6 14 14 0 1 0
1629443432 6 15 14 0 1 0
1629447739 6 15 15 0 1 0
1629447761 6 15 16 0 1 0
1629448615 6 15 17 0 1 0
1629450583 6 15 18 0 1 0
1629450923 6 15 19 0 1 0
1629451493 6 15 20 0 1 0
1629451776 6 15 21 0 1 0
1629452465 6 15 22 0 1 0
1629452574 6 15 23 0 1 0
1629452628 6 15 24 0 1 0
1629453088 6 15 25 0 1 0
1629453612 6 15 26 0 1 0
1629455128 6 15 27 0 1 0
1629455360 6 16 27 0 1 0
1629455939 6 16 28 0 1 0
1629456447 6 16 29 0 1 0
1629457394 6 16 30 0 1 0
1629458296 6 16 31 0 1 0
1629683985 7 16 31 0 1 0
1629683994 8 16 31 0 1 0
1629686102 9 16 31 0 1 0
1629686510 10 16 31 0 1 0
1629688607 10 16 31 0 2 0
1629703538 10 17 31 0 2 0
1629703589 10 18 31 0 2 0
1629705340 11 18 31 0 2 0
1629706432 11 18 31 0 3 0
1629706626 12 18 31 0 3 0
1629706696 13 18 31 0 3 0
1629706789 14 18 31 0 3 0
1629708301 14 18 32 0 3 0
1629708357 14 18 33 0 3 0
1629708677 14 18 33 0 4 0
1629711800 14 18 34 0 4 0
1629712785 14 18 35 0 4 0
1629773716 14 18 36 0 4 0
1629773755 14 18 36 0 5 0
1629773959 15 18 36 0 5 0
1629774003 16 18 36 0 5 0
1629776001 16 19 36 0 5 0
1629776021 16 20 36 0 5 0
1629776728 16 20 36 0 6 0
1629783885 16 20 37 0 6 0
1629783991 17 20 37 0 6 0
1629784034 18 20 37 0 6 0
1629786793 18 20 37 0 7 0
1629787055 18 20 37 0 8 0
1629787827 18 20 37 0 9 0
1629788685 18 20 37 0 10 0
1629788799 19 20 37 0 10 0
1629788855 20 20 37 0 10 0
1629792307 20 20 38 0 10 0
1629792436 21 20 38 0 10 0
1629792610 22 20 38 0 10 0
1629801678 22 20 39 0 10 0
1629801700 22 20 40 0 10 0
1629801725 22 20 41 0 10 0
1629802986 22 20 42 0 10 0
1629803293 22 20 43 0 10 0
1629858543 22 20 44 0 10 0
1629858769 22 20 45 0 10 0
1629877071 22 21 45 0 10 0
1629877235 22 22 45 0 10 0
1629880761 22 23 45 0 10 0
1629882954 23 23 45 0 10 0
1629882996 24 23 45 0 10 0
1629949982 24 23 46 0 10 0
1629950643 25 23 46 0 10 0
1629950654 26 23 46 0 10 0
1629950697 27 23 46 0 10 0
1629951385 27 23 46 0 11 0
1629955840 28 23 46 0 11 0
1629955888 29 23 46 0 11 0
1629957364 29 23 47 0 11 0
1629958024 30 23 47 0 11 0
1629958135 31 23 47 0 11 0
1629958590 31 23 47 0 12 0
1629959370 31 23 47 0 13 0
1629959672 31 23 47 0 14 0
1629960991 31 23 47 0 15 0
1629961220 31 23 47 0 16 0
1629961649 31 23 47 0 17 0
1629962758 31 23 47 0 18 0
1629963538 31 23 47 0 19 0
1629974899 31 23 47 0 20 0
1629977188 31 23 48 0 20 0
1629977381 32 23 48 0 20 0
1629977427 33 23 48 0 20 0
1629977646 33 23 48 0 21 0
1629977881 34 23 48 0 21 0
1629977962 35 23 48 0 21 0
1629978336 35 23 48 0 22 0
1629978427 36 23 48 0 22 0
1629978553 37 23 48 0 22 0
1629979752 37 23 48 0 23 0
1629979941 38 23 48 0 23 0
1629980070 39 23 48 0 23 0
1629980211 40 23 48 0 23 0
1630029958 40 23 48 0 24 0
1630029999 41 23 48 0 24 0
1630030047 42 23 48 0 24 0
1630038541 42 23 49 0 24 0
1630038733 43 23 49 0 24 0
1630042720 43 23 50 0 24 0
1630043509 44 23 50 0 24 0
1630062669 44 23 51 0 24 0
1630062952 45 23 51 0 24 0
1630063206 46 23 51 0 24 0
1630063254 47 23 51 0 24 0
1630313128 47 24 51 0 24 0
1630315291 47 24 52 0 24 0
1630315461 48 24 52 0 24 0
1630315480 49 24 52 0 24 0
1630315640 50 24 52 0 24 0
1630320370 50 24 53 0 24 0
1630320498 51 24 53 0 24 0
1630320536 52 24 53 0 24 0
1630320813 52 25 53 0 24 0
1630321257 53 25 53 0 24 0
1630321337 54 25 53 0 24 0
1630375896 54 26 53 0 24 0
1630376093 55 26 53 0 24 0
1630376143 56 26 53 0 24 0
1630378542 56 27 53 0 24 0
1630388664 57 27 53 0 24 0
1630388704 58 27 53 0 24 0
1630391592 58 28 53 0 24 0
1630393401 58 28 54 0 24 0
1630393476 59 28 54 0 24 0
1630393522 60 28 54 0 24 0
1630394644 61 28 54 0 24 0
1630394673 62 28 54 0 24 0
1630395926 62 29 54 0 24 0
1630396350 62 29 55 0 24 0
1630396549 62 29 56 0 24 0
1630401264 62 30 56 0 24 0
1630407074 62 31 56 0 24 0
1630407227 63 31 56 0 24 0
1630407267 64 31 56 0 24 0
1630561263 64 31 57 0 24 0
1630563908 65 31 57 0 24 0
1630563939 66 31 57 0 24 0
1630564484 66 32 57 0 24 0
1630564768 66 33 57 0 24 0
1630566651 67 33 57 0 24 0
1630566759 68 33 57 0 24 0
1630566834 68 34 57 0 24 0
1630640645 68 34 58 0 24 0
1630640849 69 34 58 0 24 0
1630640877 70 34 58 0 24 0
1630652173 70 34 59 0 24 0
1630652224 71 34 59 0 24 0
1630652275 72 34 59 0 24 0
1630652763 72 34 60 0 24 0
1630652789 72 34 61 0 24 0
1630653043 72 35 61 0 24 0
1630653104 72 36 61 0 24 0
1630653123 72 36 62 0 24 0
1630663606 73 36 62 0 24 0
1630979179 73 37 62 0 24 0
1630981479 73 38 62 0 24 0
1630982150 74 38 62 0 24 0
1630982180 75 38 62 0 24 0
1630982225 76 38 62 0 24 0
1630982384 76 39 62 0 24 0
1630993173 77 39 62 0 24 0
1631089046 77 39 63 0 24 0
1631089158 78 39 63 0 24 0
1631089197 79 39 63 0 24 0
1631093766 79 40 63 0 24 0
1631093855 80 40 63 0 24 0
1631093883 81 40 63 0 24 0
1631517308 81 40 64 0 24 0
1631517376 82 40 64 0 24 0
1631517409 83 40 64 0 24 0
1631524980 83 40 65 0 24 0
1631525450 84 40 65 0 24 0
1631525481 85 40 65 0 24 0
1631531245 85 40 66 0 24 0
1631531273 85 40 67 0 24 0
1631531508 85 40 68 0 24 0
1631591925 85 40 69 0 24 0
1631592198 86 40 69 0 24 0
1631592233 87 40 69 0 24 0
1631763435 87 40 70 0 24 0
1631763577 88 40 70 0 24 0
1631763603 89 40 70 0 24 0
1631767262 89 40 71 0 24 0
1631767292 89 40 72 0 24 0
1631767329 89 40 73 0 24 0
1631768016 89 40 74 0 24 0
1631768035 89 40 75 0 24 0
1631791644 89 40 76 0 24 0
1631791728 90 40 76 0 24 0
1631791754 91 40 76 0 24 0
1631868476 91 40 77 0 24 0
1631868788 92 40 77 0 24 0
1631868815 93 40 77 0 24 0
1631959283 93 40 78 0 24 0
1631960626 94 40 78 0 24 0
1631960669 95 40 78 0 24 0
1632381307 95 40 79 0 24 0
1632381370 96 40 79 0 24 0
1632381405 97 40 79 0 24 0
1632389536 97 40 80 0 24 0
1632389575 97 40 81 0 24 0
1632389615 97 40 82 0 24 0
1632625911 97 40 83 0 24 0
1632626577 98 40 83 0 24 0
1632626606 99 40 83 0 24 0
1632980897 99 40 84 0 24 0
1632981337 100 40 84 0 24 0
1632981369 101 40 84 0 24 0
1632983272 101 40 85 0 24 0
1632983391 101 40 86 0 24 0
1632983510 101 40 87 0 24 0
1633662709 101 41 87 0 24 0
1633662888 102 41 87 0 24 0
1633662928 103 41 87 0 24 0
1633677256 103 42 87 0 24 0
1633677268 103 43 87 0 24 0
1633746894 103 44 87 0 24 0
1633748615 103 44 88 0 24 0
1633748691 104 44 88 0 24 0
1634031684 104 44 89 0 24 0
1634032005 105 44 89 0 24 0
1634032032 106 44 89 0 24 0
1634282585 106 44 90 0 24 0
1634282644 107 44 90 0 24 0
1634282674 108 44 90 0 24 0
1634528139 108 44 91 0 24 0
1634528196 109 44 91 0 24 0
1634528232 110 44 91 0 24 0
1634540496 110 44 92 0 24 0
1634540527 110 44 93 0 24 0
1634607481 110 44 94 0 24 0
1634607557 110 44 95 0 24 0
1634611944 110 44 96 0 24 0
1634611966 110 44 97 0 24 0
1634626983 110 44 98 0 24 0
1634627053 111 44 98 0 24 0
1634627085 112 44 98 0 24 0
1634722166 112 44 99 0 24 0
1634722255 113 44 99 0 24 0
1634722284 114 44 99 0 24 0
1634783538 114 44 100 0 24 0
1634784127 114 45 100 0 24 0
1634788525 115 45 100 0 24 0
1634788534 116 45 100 0 24 0
1634805423 116 45 101 0 24 0
1634806144 117 45 101 0 24 0
1634806182 118 45 101 0 24 0
1634890331 118 45 102 0 24 0
1634893743 119 45 102 0 24 0
1634893769 120 45 102 0 24 0
1635392152 120 45 103 0 24 0
1635392286 121 45 103 0 24 0
1635392312 122 45 103 0 24 0
1635471750 122 46 103 0 24 0
1635471786 122 47 103 0 24 0
1635491781 122 47 104 0 24 0
1635491902 123 47 104 0 24 0
1635491932 124 47 104 0 24 0
1635501820 124 48 104 0 24 0
1635501888 124 49 104 0 24 0
1635504534 125 49 104 0 24 0
1635504632 126 49 104 0 24 0
1635736782 126 50 104 0 24 0
1635736794 126 51 104 0 24 0
1635736808 126 52 104 0 24 0
1635736916 127 52 104 0 24 0
1635736966 128 52 104 0 24 0
1635737072 128 53 104 0 24 0
1635760752 128 53 105 0 24 0
1635760853 128 53 106 0 24 0
1635846708 128 53 107 0 24 0
1635846773 129 53 107 0 24 0
1635846788 130 53 107 0 24 0
1635846829 131 53 107 0 24 0
1635910445 131 53 108 0 24 0
1635910477 131 53 109 0 24 0
1635936563 131 53 110 0 24 0
1635936594 131 53 111 0 24 0
1635989093 131 53 112 0 24 0
1635990086 132 53 112 0 24 0
1636091338 132 54 112 0 24 0
1636092433 133 54 112 0 24 0
1636092476 134 54 112 0 24 0
1636092502 135 54 112 0 24 0
1636527125 135 55 112 0 24 0
1636527154 135 56 112 0 24 0
1636533878 135 56 113 0 24 0
1636533978 136 56 113 0 24 0
1636534003 137 56 113 0 24 0
1636616724 137 56 114 0 24 0
1636616903 138 56 114 0 24 0
1636616944 139 56 114 0 24 0
1637051747 139 57 114 0 24 0
1637051800 140 57 114 0 24 0
1637051828 141 57 114 0 24 0
1637114941 141 58 114 0 24 0
1637127449 141 59 114 0 24 0
1637128142 141 60 114 0 24 0
1637138099 141 60 115 0 24 0
1637138537 142 60 115 0 24 0
1637138558 143 60 115 0 24 0
1637138601 144 60 115 0 24 0
1637217699 144 60 116 0 24 0
1637221986 145 60 116 0 24 0
1637222010 146 60 116 0 24 0
1637659407 146 60 117 0 24 0
1637659536 147 60 117 0 24 0
1637659577 148 60 117 0 24 0
1637660620 148 60 118 0 24 0
1637660891 149 60 118 0 24 0
1637660921 150 60 118 0 24 0
1637801810 150 60 119 0 24 0
1637801874 150 60 120 0 24 0
1638328892 150 60 120 1 24 0
1638329005 151 60 120 1 24 0
1638346469 152 60 120 1 24 0
1638346498 153 60 120 1 24 0
1638346581 153 60 120 2 24 0
1638347078 154 60 120 2 24 0
1638347083 155 60 120 2 24 0
1638437442 155 60 120 3 24 0
1638437545 156 60 120 3 24 0
1638437580 157 60 120 3 24 0
1638438657 157 60 120 4 24 0
1638438845 158 60 120 4 24 0
1638438882 159 60 120 4 24 0
1638442248 159 61 120 4 24 0
1638444288 159 62 120 4 24 0
1638444382 160 62 120 4 24 0
1638495985 161 62 120 4 24 0
1638495994 162 62 120 4 24 0
1638496020 163 62 120 4 24 0
1638953177 163 62 120 5 24 0
1638953789 163 62 120 5 25 0
1638953857 164 62 120 5 25 0
1638957505 164 62 120 6 25 0
1638957548 165 62 120 6 25 0
1638957574 166 62 120 6 25 0
1639357195 166 62 120 7 25 0
1639364003 167 62 120 7 25 0
1639364029 168 62 120 7 25 0
1639474081 168 62 120 8 25 0
1639474305 169 62 120 8 25 0
1639474337 170 62 120 8 25 0
1639555220 170 62 120 9 25 0
1639555315 171 62 120 9 25 0
1639555343 172 62 120 9 25 0
1639619054 172 62 120 10 25 0
1639619336 173 62 120 10 25 0
1639652835 174 62 120 10 25 0
1639652862 175 62 120 10 25 0
1639731306 175 62 120 11 25 0
1639731338 176 62 120 11 25 0
1639731432 177 62 120 11 25 0
1639737558 177 63 120 11 25 0
1639737691 177 64 120 11 25 0
1639995889 177 65 120 11 25 0
1639995965 178 65 120 11 25 0
1639995998 179 65 120 11 25 0
1640073702 179 66 120 11 25 0
1640073986 180 66 120 11 25 0
1640077812 180 66 120 12 25 0
1640078137 181 66 120 12 25 0
1640078173 182 66 120 12 25 0
1640078298 183 66 120 12 25 0
1640161955 183 66 120 13 25 0
1640161992 184 66 120 13 25 0
1640162023 185 66 120 13 25 0
1640162256 185 67 120 13 25 0
1640168835 185 68 120 13 25 0
1640168868 185 69 120 13 25 0
1640224006 185 70 120 13 25 0
1640241434 185 71 120 13 25 0
1640246760 185 72 120 13 25 0
1640248387 185 73 120 13 25 0
1640251548 185 74 120 13 25 0
1640251687 186 74 120 13 25 0
1640251717 187 74 120 13 25 0
1640335620 187 74 120 14 25 0
1640335922 188 74 120 14 25 0
1640335946 189 74 120 14 25 0
1640595867 189 74 120 15 25 0
1640596866 189 74 120 16 25 0
1640597133 190 74 120 16 25 0
1640597167 191 74 120 16 25 0
1640599863 191 74 120 16 26 0
1640681110 191 74 120 17 26 0
1640681269 192 74 120 17 26 0
1640681295 193 74 120 17 26 0
1640682600 193 75 120 17 26 0
1640682639 193 76 120 17 26 0
1640743412 194 76 120 17 26 0
1641968911 194 76 120 18 26 0
1641982933 194 76 120 19 26 0
1642039221 195 76 120 19 26 0
1642039248 196 76 120 19 26 0
1642150300 196 76 120 20 26 0
1642153872 197 76 120 20 26 0
1642153901 198 76 120 20 26 0
1642384081 198 76 120 21 26 0
1642384134 199 76 120 21 26 0
1642384171 200 76 120 21 26 0
1642415573 200 76 120 22 26 0
1642415625 201 76 120 22 26 0
1642415657 202 76 120 22 26 0
1642585230 202 76 120 23 26 0
1642585744 203 76 120 23 26 0
1642585774 204 76 120 23 26 0
1642750594 204 76 120 24 26 0
1642750787 205 76 120 24 26 0
1642750809 206 76 120 24 26 0
1642758188 206 76 120 25 26 0
1642758438 207 76 120 25 26 0
1642758487 208 76 120 25 26 0
1643187905 208 76 120 26 26 0
1643187950 209 76 120 26 26 0
1643187975 210 76 120 26 26 0
1644374077 210 76 120 27 26 0
1644385618 211 76 120 27 26 0
1644385647 212 76 120 27 26 0
1644818416 212 77 120 27 26 0
1644818576 213 77 120 27 26 0
1644818600 214 77 120 27 26 0
1644893953 214 78 120 27 26 0
1644894018 215 78 120 27 26 0
1644894063 216 78 120 27 26 0
1645060891 216 78 120 28 26 0
1645079687 216 79 120 28 26 0
1645079781 217 79 120 28 26 0
1645079802 218 79 120 28 26 0
1645079827 219 79 120 28 26 0
1645088626 220 79 120 28 26 0
1645088653 221 79 120 28 26 0
1645409253 221 79 120 29 26 0
1645424866 221 79 120 30 26 0
1645523750 222 79 120 30 26 0
1645526573 222 79 120 31 26 0
1645529009 222 79 120 32 26 0
1645529115 223 79 120 32 26 0
1645581880 223 79 120 33 26 0
1645581937 223 79 120 34 26 0
1645582084 224 79 120 34 26 0
1645585557 224 80 120 34 26 0
1645585604 224 80 120 35 26 0
1645585654 224 81 120 35 26 0
1645585657 224 82 120 35 26 0
1645585668 225 82 120 35 26 0
1645594468 226 82 120 35 26 0
1645600631 226 82 120 35 27 0
1645601754 226 82 120 36 27 0
1645601803 227 82 120 36 27 0
1645610212 227 83 120 36 27 0
1645611474 227 84 120 36 27 0
1645612284 227 84 120 37 27 0
1645666909 228 84 120 37 27 0
1645666914 229 84 120 37 27 0
1645666957 230 84 120 37 27 0
1645666964 231 84 120 37 27 0
1645668015 232 84 120 37 27 0
1645668617 232 85 120 37 27 0
1645668965 232 85 120 38 27 0
1645669132 233 85 120 38 27 0
1645669359 234 85 120 38 27 0
1645669720 234 85 120 39 27 0
1645669926 234 85 120 39 28 0
1645671413 234 86 120 39 28 0
1645673418 235 86 120 39 28 0
1645686827 236 86 120 39 28 0
1645755551 236 87 120 39 28 0
1646205396 236 87 120 40 28 0
1646207108 237 87 120 40 28 0
1646376703 237 88 120 40 28 0
1646377023 238 88 120 40 28 0
1646619214 239 88 120 40 28 0
1646619220 240 88 120 40 28 0
1646636586 240 88 120 40 29 0
1646642048 240 89 120 40 29 0
1646704860 240 89 120 40 30 0
1646711283 241 89 120 40 30 0
1646711290 242 89 120 40 30 0
1646727418 243 89 120 40 30 0
1646727635 243 89 120 40 31 0
1646733906 243 89 120 40 32 0
1646736858 243 89 120 41 32 0
1646736966 244 89 120 41 32 0
1646736972 245 89 120 41 32 0
1646796205 246 89 120 41 32 0
1646796573 246 89 120 41 33 0
1646796799 246 89 120 41 34 0
1646796929 247 89 120 41 34 0
1646964454 248 89 120 41 34 0
1647247072 249 89 120 41 34 0
1647310432 250 89 120 41 34 0
1647311541 250 90 120 41 34 0
1647313646 250 90 120 41 35 0
1647313869 250 90 120 41 36 0
1647329818 251 90 120 41 36 0
1647329845 252 90 120 41 36 0
1647423332 252 90 120 42 36 0
1647423409 253 90 120 42 36 0
1647506444 253 91 120 42 36 0
1647506846 253 92 120 42 36 0
1647592783 254 92 120 42 36 0
1647595874 254 93 120 42 36 0
1647595976 255 93 120 42 36 0
1647596041 255 93 120 43 36 0
1647596772 255 93 120 44 36 0
1647596953 256 93 120 44 36 0
1647599973 257 93 120 44 36 0
1647607177 257 94 120 44 36 0
1647607255 258 94 120 44 36 0
1647843337 258 94 120 45 36 0
1647858887 259 94 120 45 36 0
1647917183 260 94 120 45 36 0
1647931847 260 94 120 46 36 0
1647937163 260 95 120 46 36 0
1647937251 260 96 120 46 36 0
1647945519 261 96 120 46 36 0
1648000374 261 97 120 46 36 0
1648000508 262 97 120 46 36 0
1648000516 263 97 120 46 36 0
1648004827 264 97 120 46 36 0
1648004875 265 97 120 46 36 0
1648004880 266 97 120 46 36 0
1648014441 267 97 120 46 36 0
1648092403 267 98 120 46 36 0
1648092492 268 98 120 46 36 0
1648109927 269 98 120 46 36 0
1648116100 269 98 120 47 36 0
1648116197 270 98 120 47 36 0
1648116202 271 98 120 47 36 0
1648174088 271 98 120 48 36 0
1648174226 272 98 120 48 36 0
1648176215 273 98 120 48 36 0
1648177439 273 98 120 49 36 0
1648177800 274 98 120 49 36 0
1648177830 275 98 120 49 36 0
1648201631 275 98 120 50 36 0
1648202547 276 98 120 50 36 0
1648464840 276 99 120 50 36 0
1648464906 276 100 120 50 36 0
1648465049 276 101 120 50 36 0
1648465334 277 101 120 50 36 0
1648465339 278 101 120 50 36 0
1648465836 279 101 120 50 36 0
1648534746 279 101 120 51 36 0
1648534810 280 101 120 51 36 0
1648534962 281 101 120 51 36 0
1648612324 281 101 120 52 36 0
1648612420 281 101 120 52 36 1
1648693781 282 101 120 52 36 1
1648712642 282 102 120 52 36 1
1648713258 283 102 120 52 36 1
1648713267 284 102 120 52 36 1
1648722644 285 102 120 52 36 1
1648778683 286 102 120 52 36 1
1648799306 286 103 120 52 36 1
1648800283 287 103 120 52 36 1
1648800318 288 103 120 52 36 1
1648806824 289 103 120 52 36 1
1648806844 290 103 120 52 36 1
1648863600 290 104 120 52 36 1
1648863686 290 105 120 52 36 1
1648864166 291 105 120 52 36 1
1648864167 291 106 120 52 36 1
1648864257 292 106 120 52 36 1
1648868115 293 106 120 52 36 1
1648868131 294 106 120 52 36 1
1648868825 294 107 120 52 36 1
1648868961 295 107 120 52 36 1
1648881014 296 107 120 52 36 1
1649213783 297 107 120 52 36 1
1649385324 297 107 120 52 37 1
1649407011 297 107 120 53 37 1
1649407103 298 107 120 53 37 1
1649918879 298 107 120 54 37 1
1649918915 299 107 120 54 37 1
1650610941 300 107 120 54 37 1
1650623007 300 107 120 55 37 1
1650623053 301 107 120 55 37 1
1650623295 302 107 120 55 37 1
1650967109 302 107 120 56 37 1
1650967182 303 107 120 56 37 1
1650968558 304 107 120 56 37 1
1651049746 304 107 120 57 37 1
1651050060 305 107 120 57 37 1
1651050268 306 107 120 57 37 1
1651139625 306 107 120 58 37 1
1651139839 307 107 120 58 37 1
1651212919 308 107 120 58 37 1
1651803533 308 107 120 58 38 1
1651803572 308 107 120 58 39 1
1651805135 308 107 120 59 39 1
1651805294 309 107 120 59 39 1
1651806634 310 107 120 59 39 1
1651830471 310 107 120 60 39 1
1651830851 311 107 120 60 39 1
1651831439 312 107 120 60 39 1
1651891806 312 107 120 61 39 1
1651891841 313 107 120 61 39 1
1651891999 314 107 120 61 39 1
1651893605 315 107 120 61 39 1
1652087393 315 107 120 62 39 1
1652087607 316 107 120 62 39 1
1652087868 317 107 120 62 39 1
1652152465 317 107 120 63 39 1
1652152515 318 107 120 63 39 1
1652153019 319 107 120 63 39 1
1652174486 319 107 120 64 39 1
1652174750 320 107 120 64 39 1
1652174757 321 107 120 64 39 1
1652174988 322 107 120 64 39 1
1652237129 322 107 120 65 39 1
1652237163 323 107 120 65 39 1
1652237513 324 107 120 65 39 1
1652326053 324 107 120 66 39 1
1652326419 325 107 120 66 39 1
1652326506 326 107 120 66 39 1
1652757303 326 107 120 67 39 1
1652757388 327 107 120 67 39 1
1652757921 328 107 120 67 39 1
1652769894 328 107 120 68 39 1
1652769911 328 107 120 69 39 1
1652770001 329 107 120 69 39 1
1652770146 330 107 120 69 39 1
1652780826 330 107 120 70 39 1
1652780843 330 107 120 71 39 1
1652780919 331 107 120 71 39 1
1652781255 332 107 120 71 39 1
1652929065 333 107 120 71 39 1
1653987807 333 107 120 72 39 1
1653987843 334 107 120 72 39 1
1653988054 335 107 120 72 39 1
1654831714 336 107 120 72 39 1
1656411587 336 107 120 73 39 1
1656411713 337 107 120 73 39 1
1656411967 338 107 120 73 39 1
1656495376 338 107 120 74 39 1
1656495585 339 107 120 74 39 1
1656496173 340 107 120 74 39 1
1656642883 341 107 120 74 39 1
1657272359 341 107 120 75 39 1
1657272653 342 107 120 75 39 1
1657273373 343 107 120 75 39 1
1657275362 343 107 120 76 39 1
1657275433 344 107 120 76 39 1
1657275457 345 107 120 76 39 1
1657851883 346 107 120 76 39 1
1659433749 346 107 120 77 39 1
1659433815 347 107 120 77 39 1
1660123089 347 107 120 78 39 1
1660124009 348 107 120 78 39 1
1660125275 349 107 120 78 39 1
1660210386 349 107 120 79 39 1
1660210494 350 107 120 79 39 1
1660211883 351 107 120 79 39 1
1660271861 352 107 120 79 39 1
1660729144 352 107 120 80 39 1
1660729683 353 107 120 80 39 1
1660729820 354 107 120 80 39 1
1660814137 354 107 120 81 39 1
1660818184 355 107 120 81 39 1
1660818354 356 107 120 81 39 1
1661334990 356 107 120 82 39 1
1661335151 357 107 120 82 39 1
1661393418 358 107 120 82 39 1
1661852595 358 107 120 83 39 1
1661852886 359 107 120 83 39 1
1661853373 360 107 120 83 39 1
1661937971 360 107 120 84 39 1
1661939024 361 107 120 84 39 1
1661939081 362 107 120 84 39 1
1662021894 362 107 120 85 39 1
1662022086 362 107 120 85 39 2
1662022412 362 107 120 85 39 3
1662087798 362 107 120 86 39 3
1662087851 362 107 120 86 39 4
1662088143 362 107 120 86 39 5
1662346246 363 107 120 86 39 5
1662367714 363 107 120 87 39 5
1662368120 364 107 120 87 39 5
1662368259 365 107 120 87 39 5
1662455228 365 107 120 88 39 5
1662455642 366 107 120 88 39 5
1662456244 367 107 120 88 39 5
1662533513 367 107 120 89 39 5
1662533556 368 107 120 89 39 5
1662533794 369 107 120 89 39 5
1662624290 369 107 120 90 39 5
1662627253 370 107 120 90 39 5
1662628789 371 107 120 90 39 5
1663051115 371 107 120 91 39 5
1663051520 372 107 120 91 39 5
1663051957 373 107 120 91 39 5
1663138276 373 107 120 92 39 5
1663138538 374 107 120 92 39 5
1663138678 375 107 120 92 39 5
1663220445 376 107 120 92 39 5
1663324863 376 107 120 93 39 5
1663325050 377 107 120 93 39 5
1663552160 378 107 120 93 39 5
1663665477 378 107 120 94 39 5
1663666023 379 107 120 94 39 5
1663667864 380 107 120 94 39 5
1663754510 380 107 120 95 39 5
1663755015 381 107 120 95 39 5
1663756138 382 107 120 95 39 5
1664184758 382 107 120 96 39 5
1664188541 383 107 120 96 39 5
1664246960 384 107 120 96 39 5
1664247351 385 107 120 96 39 5
1664262898 385 107 120 97 39 5
1664265523 386 107 120 97 39 5
1665306290 386 107 120 98 39 5
1665306729 387 107 120 98 39 5
1665307366 388 107 120 98 39 5
1665392735 388 107 120 99 39 5
1665393162 389 107 120 99 39 5
1665393481 390 107 120 99 39 5
1665453691 390 107 120 100 39 5
1665454427 391 107 120 100 39 5
1665454433 392 107 120 100 39 5
1666080855 392 107 120 101 39 5
1666081222 393 107 120 101 39 5
1666081371 394 107 120 101 39 5
1666160344 394 107 120 102 39 5
1666161227 395 107 120 102 39 5
1666162453 396 107 120 102 39 5
1666163010 396 107 120 103 39 5
1666163150 397 107 120 103 39 5
1666163394 398 107 120 103 39 5
1666235654 399 107 120 103 39 5
1667292316 399 107 120 104 39 5
1667293050 400 107 120 104 39 5
1667293263 401 107 120 104 39 5
1667294293 401 107 120 105 39 5
1667294546 402 107 120 105 39 5
1667295063 403 107 120 105 39 5
1667380631 403 107 120 106 39 5
1667381235 404 107 120 106 39 5
1667382154 405 107 120 106 39 5
1667442167 406 107 120 106 39 5
1668504153 406 107 120 107 39 5
1668504689 407 107 120 107 39 5
1668505888 408 107 120 107 39 5
1668651140 409 107 120 107 39 5
1670909119 409 108 120 107 39 5
1670909867 410 108 120 107 39 5
1670923168 410 109 120 107 39 5
1670923280 411 109 120 107 39 5
1670999488 412 109 120 107 39 5
1671009242 413 109 120 107 39 5
1671162563 413 110 120 107 39 5
1671162597 413 111 120 107 39 5
1671162648 413 112 120 107 39 5
1671162717 414 112 120 107 39 5
1671163084 415 112 120 107 39 5
1671184975 415 113 120 107 39 5
1671185010 415 114 120 107 39 5
1671185956 416 114 120 107 39 5
1671186461 417 114 120 107 39 5
1671421324 417 115 120 107 39 5
1671421799 417 116 120 107 39 5
1671421884 418 116 120 107 39 5
1671429789 419 116 120 107 39 5
1671434657 419 117 120 107 39 5
1671434685 419 118 120 107 39 5
1671449206 419 119 120 107 39 5
1671532013 419 120 120 107 39 5
1671532510 420 120 120 107 39 5
1671618373 420 121 120 107 39 5
1671618487 421 121 120 107 39 5
1671625730 421 122 120 107 39 5
1671673351 422 122 120 107 39 5
1672121684 422 123 120 107 39 5
1672121726 422 124 120 107 39 5
1672121817 423 124 120 107 39 5
1672133634 423 125 120 107 39 5
1672134007 424 125 120 107 39 5
1673332736 424 126 120 107 39 5
1673332937 425 126 120 107 39 5
1673419292 425 127 120 107 39 5
1673420040 426 127 120 107 39 5
1673492426 427 127 120 107 39 5
1673574377 427 128 120 107 39 5
1673580120 427 129 120 107 39 5
1673581820 428 129 120 107 39 5
1673582738 429 129 120 107 39 5
1673582746 430 129 120 107 39 5
1675238254 430 130 120 107 39 5
1675238320 430 131 120 107 39 5
1675238466 430 132 120 107 39 5
1675238781 431 132 120 107 39 5
1675663414 431 133 120 107 39 5
1675664279 432 133 120 107 39 5
1675835760 432 134 120 107 39 5
1675835845 432 135 120 107 39 5
1677029836 432 136 120 107 39 5
1677030425 432 137 120 107 39 5
1677031457 433 137 120 107 39 5
1677031471 434 137 120 107 39 5
1677031861 435 137 120 107 39 5
1677045385 436 137 120 107 39 5
1677057084 436 138 120 107 39 5
1677057773 437 138 120 107 39 5
1677117437 438 138 120 107 39 5
1677491760 438 139 120 107 39 5
1677492552 439 139 120 107 39 5
1677638893 439 140 120 107 39 5
1677639422 440 140 120 107 39 5
1677738551 441 140 120 107 39 5
1678341267 442 140 120 107 39 5
1678843564 442 140 120 108 39 5
1678843709 443 140 120 108 39 5
1678846086 444 140 120 108 39 5
1679306434 444 141 120 108 39 5
1679306507 444 142 120 108 39 5
1679308017 445 142 120 108 39 5
1679308024 446 142 120 108 39 5
1680078524 446 143 120 108 39 5
1680078574 446 144 120 108 39 5
1680078613 446 145 120 108 39 5
1680078712 446 146 120 108 39 5
1680079178 447 146 120 108 39 5
1680079185 448 146 120 108 39 5
1680143494 448 147 120 108 39 5
1680143525 448 148 120 108 39 5
1680143589 448 149 120 108 39 5
1680144933 449 149 120 108 39 5
1680146066 450 149 120 108 39 5
1681208235 450 150 120 108 39 5
1681208422 450 151 120 108 39 5
1681264179 451 151 120 108 39 5
1681266596 452 151 120 108 39 5
1681281723 452 152 120 108 39 5
1681282197 453 152 120 108 39 5
1681284189 454 152 120 108 39 5
1681285221 454 153 120 108 39 5
1681286018 455 153 120 108 39 5
1681286609 456 153 120 108 39 5
1681717398 456 154 120 108 39 5
1681717619 457 154 120 108 39 5
1681717698 458 154 120 108 39 5
1681873827 458 155 120 108 39 5
1681886170 459 155 120 108 39 5
1683699917 459 156 120 108 39 5
1683700475 459 157 120 108 39 5
1683700484 459 158 120 108 39 5
1683700674 459 159 120 108 39 5
1683702293 460 159 120 108 39 5
1683702386 461 159 120 108 39 5
1684736064 461 160 120 108 39 5
1684736246 461 161 120 108 39 5
1684825037 462 161 120 108 39 5
1684826805 462 162 120 108 39 5
1685002681 462 163 120 108 39 5
1685005220 462 164 120 108 39 5
1685008151 462 165 120 108 39 5
1685093983 463 165 120 108 39 5
1685416358 464 165 120 108 39 5
1685497838 464 166 120 108 39 5
1685944458 464 167 120 108 39 5
1685945044 465 167 120 108 39 5
1685946401 465 168 120 108 39 5
1685947861 466 168 120 108 39 5
1686133297 466 169 120 108 39 5
1686192677 467 169 120 108 39 5
1686193931 467 170 120 108 39 5
1686204997 468 170 120 108 39 5
1686205792 469 170 120 108 39 5
1686207063 469 171 120 108 39 5
1686207115 470 171 120 108 39 5
1686207373 471 171 120 108 39 5
1686218914 471 172 120 108 39 5
1686220806 472 172 120 108 39 5
1686297242 473 172 120 108 39 5
1686304744 473 173 120 108 39 5
1686304779 473 174 120 108 39 5
1686304835 473 175 120 108 39 5
1686304900 473 176 120 108 39 5
1686304912 473 177 120 108 39 5
1686539074 473 178 120 108 39 5
1686539748 474 178 120 108 39 5
1686880114 474 179 120 108 39 5
1686880168 474 180 120 108 39 5
1686880245 475 180 120 108 39 5
1687153756 475 181 120 108 39 5
1687153810 476 181 120 108 39 5
1687252677 477 181 120 108 39 5
1687316210 478 181 120 108 39 5
1687846264 478 182 120 108 39 5
1687948270 478 183 120 108 39 5
1688018675 478 184 120 108 39 5
1688025831 478 185 120 108 39 5
1688026815 478 186 120 108 39 5
1688027008 478 187 120 108 39 5
1688029769 479 187 120 108 39 5
1688095219 480 187 120 108 39 5
1688544290 480 188 120 108 39 5
1688546053 481 188 120 108 39 5
1688968793 482 188 120 108 39 5
1689041968 482 189 120 108 39 5
1689042867 483 189 120 108 39 5
1689148786 484 189 120 108 39 5
1689226813 484 190 120 108 39 5
1689226917 484 191 120 108 39 5
1689227837 485 191 120 108 39 5
1689658912 486 191 120 108 39 5
1689735640 486 192 120 108 39 5
1689735843 486 193 120 108 39 5
1689735931 487 193 120 108 39 5
1689735938 488 193 120 108 39 5
1689736003 488 194 120 108 39 5
1689754868 489 194 120 108 39 5
1689845193 489 195 120 108 39 5
1689845267 490 195 120 108 39 5
1689905091 490 196 120 108 39 5
1689905269 490 197 120 108 39 5
1689911902 491 197 120 108 39 5
1690529880 491 198 120 108 39 5
1690530012 492 198 120 108 39 5
1690969256 492 199 120 108 39 5
1691027756 493 199 120 108 39 5
1691996306 494 199 120 108 39 5
1692236327 494 200 120 108 39 5
1692241697 494 201 120 108 39 5
1692244335 495 201 120 108 39 5
1692245097 496 201 120 108 39 5
1692255905 496 202 120 108 39 5
1692256117 497 202 120 108 39 5
1692786571 497 203 120 108 39 5
1692786873 498 203 120 108 39 5
1692842125 499 203 120 108 39 5
1692866744 499 204 120 108 39 5
1693207953 499 205 120 108 39 5
1693207980 499 206 120 108 39 5
1693208031 499 207 120 108 39 5
1693290841 500 207 120 108 39 5
1693550136 500 208 120 108 39 5
1694065551 501 208 120 108 39 5
1694411327 501 209 120 108 39 5
1694411522 502 209 120 108 39 5
1694498191 502 210 120 108 39 5
1694498276 503 210 120 108 39 5
1694655645 503 211 120 108 39 5
1694655820 504 211 120 108 39 5
1695261362 504 212 120 108 39 5
1695276469 505 212 120 108 39 5
1696744274 505 213 120 108 39 5
1696744586 505 214 120 108 39 5
1696744941 506 214 120 108 39 5
1696761718 507 214 120 108 39 5
1696834293 508 214 120 108 39 5
1697507887 509 214 120 108 39 5
1697685360 510 214 120 108 39 5
1698200878 510 215 120 108 39 5
1698994788 510 216 120 108 39 5
1698994816 510 217 120 108 39 5
1698994952 510 218 120 108 39 5
1698994984 510 219 120 108 39 5
1698996692 511 219 120 108 39 5
1699928194 511 220 120 108 39 5
1699929355 512 220 120 108 39 5
1699933985 513 220 120 108 39 5
1700632420 514 220 120 108 39 5
