1627887265 2
1627888876 29107
1629980070 49872
1630038733 49877
1630043509 49876
1630062952 49883
1630993173 51216
1631763603 54619
1633748691 58870
1634788534 59857
1635990086 60422
1636092433 60422
1638329005 62223
1638444382 62215
1638495985 63122
1639619336 76167
1640078298 76586
1640743412 77504
1642384171 79112
1642750809 82568
1645079802 84094
1645669359 102891
1646964454 103393
1647310432 101105
1647313646 101105
1647313869 101105
1647596953 101115
1647607255 101137
1648000516 101145
1648693781 101578
1648778683 101570
1648800318 101608
1648864166 101614
1648864257 101614
1649213783 101614
1649385324 101614
1651803572 103064
1651893605 103083
1652929065 103342
1654831714 103342
1656642883 104009
1657851883 104702
1660271861 104919
1662346246 108719
1663220445 110336
1664247351 111728
1666235654 112079
1667442167 112644
1668651140 112958
1673492426 121089
1673581820 121094
1673582746 126356
1677045385 127872
1677057773 127878
1678341267 127924
1683702386 129550
1684825037 129817
1686539748 130510
1687316210 130935
1688095219 131222
1689658912 131828
1689911902 133015
1693290841 134638
1695276469 136416
1696834293 136809
1697685360 136809
1698996692 137617
1700632420 138298
