1627887265 2 0 0 0 0 0
1627888876 2 0 0 0 29105 0
1628130133 2 0 40 0 29105 0
1628131353 2 0 18018 0 29105 0
1628133346 2 0 18019 0 29105 0
1628246256 2 0 18128 0 29105 0
1628319813 2 493 18128 0 29105 0
1628319917 2 504 18128 0 29105 0
1628319999 2 505 18128 0 29105 0
1628320027 2 505 18128 0 29105 0
1628320131 2 506 18128 0 29105 0
1628320164 2 506 18128 0 29105 0
1628327972 2 506 18206 0 29105 0
1628327990 2 506 18206 0 29105 0
1628480094 2 506 18833 0 29105 0
1628496561 2 506 19138 0 29105 0
1628675938 2 506 22460 0 29105 0
1628757159 2 506 22473 0 29105 0
1628826026 2 1195 22473 0 29105 0
1628826422 2 3146 22473 0 29105 0
1628845319 2 3146 22474 0 29105 0
1629109598 2 3254 22474 0 29105 0
1629109755 2 3280 22474 0 29105 0
1629110369 2 3280 22474 0 29105 0
1629112054 2 3280 22474 0 29105 0
1629112172 2 3280 22475 0 29105 0
1629250594 2 3638 22475 0 29105 0
1629279985 2 3638 22475 0 29105 0
1629280036 2 3638 22475 0 29105 0
1629423991 2 3688 22475 0 29105 0
1629424046 2 3817 22475 0 29105 0
1629440876 2 3817 22815 0 29105 0
1629441047 2 3817 22815 0 29105 0
1629441135 2 3817 22815 0 29105 0
1629443344 2 3817 22815 0 29105 0
1629443432 2 3817 22815 0 29105 0
1629447739 2 3817 22821 0 29105 0
1629447761 2 3817 22821 0 29105 0
1629448615 2 3817 22843 0 29105 0
1629450583 2 3817 22845 0 29105 0
1629450923 2 3817 22845 0 29105 0
1629451493 2 3817 22859 0 29105 0
1629451776 2 3817 22867 0 29105 0
1629452465 2 3817 22867 0 29105 0
1629452574 2 3817 22869 0 29105 0
1629452628 2 3817 22871 0 29105 0
1629453088 2 3817 22872 0 29105 0
1629453612 2 3817 22875 0 29105 0
1629455128 2 3817 22875 0 29105 0
1629455360 2 4279 22875 0 29105 0
1629455939 2 4279 22876 0 29105 0
1629456447 2 4279 22876 0 29105 0
1629457394 2 4279 22885 0 29105 0
1629458296 2 4279 22885 0 29105 0
1629683985 2 4279 22885 0 29105 0
1629683994 2 4279 22885 0 29105 0
1629686102 2 4279 22885 0 29105 0
1629686510 2 4279 22885 0 29105 0
1629688607 2 4279 22885 0 29146 0
1629703538 2 4293 22885 0 29146 0
1629703589 2 4300 22885 0 29146 0
1629705340 2 4300 22885 0 29146 0
1629706432 2 4300 22885 0 29206 0
1629706626 2 4300 22885 0 29206 0
1629706696 2 4300 22885 0 29206 0
1629706789 2 4300 22885 0 29206 0
1629708301 2 4300 22885 0 29206 0
1629708357 2 4300 22885 0 29206 0
1629708677 2 4300 22885 0 29206 0
1629711800 2 4300 22895 0 29206 0
1629712785 2 4300 22895 0 29206 0
1629773716 2 4300 22900 0 29206 0
1629773755 2 4300 22900 0 29229 0
1629773959 2 4300 22900 0 29229 0
1629774003 2 4300 22900 0 29229 0
1629776001 2 4317 22900 0 29229 0
1629776021 2 4317 22900 0 29229 0
1629776728 2 4317 22900 0 29232 0
1629783885 2 4317 22907 0 29232 0
1629783991 2 4317 22907 0 29232 0
1629784034 2 4317 22907 0 29232 0
1629786793 2 4317 22907 0 29253 0
1629787055 2 4317 22907 0 29254 0
1629787827 2 4317 22907 0 29255 0
1629788685 2 4317 22907 0 29257 0
1629788799 2 4317 22907 0 29257 0
1629788855 84 4317 22907 0 29257 0
1629792307 84 4317 23041 0 29257 0
1629792436 84 4317 23041 0 29257 0
1629792610 84 4317 23041 0 29257 0
1629801678 84 4317 23049 0 29257 0
1629801700 84 4317 23049 0 29257 0
1629801725 84 4317 23049 0 29257 0
1629802986 84 4317 23060 0 29257 0
1629803293 84 4317 23060 0 29257 0
1629858543 84 4317 23061 0 29257 0
1629858769 84 4317 23061 0 29257 0
1629877071 84 4325 23061 0 29257 0
1629877235 84 4333 23061 0 29257 0
1629880761 84 4347 23061 0 29257 0
1629882954 84 4347 23061 0 29257 0
1629882996 84 4347 23061 0 29257 0
1629949982 84 4347 25525 0 29257 0
1629950643 84 4347 25525 0 29257 0
1629950654 84 4347 25525 0 29257 0
1629950697 84 4347 25525 0 29257 0
1629951385 84 4347 25525 0 29258 0
1629955840 84 4347 25525 0 29258 0
1629955888 84 4347 25525 0 29258 0
1629957364 84 4347 25536 0 29258 0
1629958024 84 4347 25536 0 29258 0
1629958135 84 4347 25536 0 29258 0
1629958590 84 4347 25536 0 29275 0
1629959370 84 4347 25536 0 29286 0
1629959672 84 4347 25536 0 29296 0
1629960991 84 4347 25536 0 29308 0
1629961220 84 4347 25536 0 29309 0
1629961649 84 4347 25536 0 29314 0
1629962758 84 4347 25536 0 29322 0
1629963538 84 4347 25536 0 29326 0
1629974899 84 4347 25536 0 29330 0
1629977188 84 4347 25536 0 29330 0
1629977381 84 4347 25536 0 29330 0
1629977427 84 4347 25536 0 29330 0
1629977646 84 4347 25536 0 29331 0
1629977881 84 4347 25536 0 29331 0
1629977962 110 4347 25536 0 29331 0
1629978336 110 4347 25536 0 29333 0
1629978427 110 4347 25536 0 29333 0
1629978553 110 4347 25536 0 29333 0
1629979752 110 4347 25536 0 29342 0
1629979941 110 4347 25536 0 29342 0
1629980070 110 4347 25536 0 29342 0
1629980211 110 4347 25536 0 29342 0
1630029958 110 4347 25536 0 29344 0
1630029999 110 4347 25536 0 29344 0
1630030047 110 4347 25536 0 29344 0
1630038541 110 4347 25561 0 29344 0
1630038733 110 4347 25561 0 29344 0
1630042720 110 4347 25562 0 29344 0
1630043509 110 4347 25562 0 29344 0
1630062669 110 4347 25573 0 29344 0
1630062952 110 4347 25573 0 29344 0
1630063206 110 4347 25573 0 29344 0
1630063254 110 4347 25573 0 29344 0
1630313128 110 4628 25573 0 29344 0
1630315291 110 4628 25650 0 29344 0
1630315461 110 4628 25650 0 29344 0
1630315480 110 4628 25650 0 29344 0
1630315640 110 4628 25650 0 29344 0
1630320370 110 4628 25666 0 29344 0
1630320498 110 4628 25666 0 29344 0
1630320536 110 4628 25666 0 29344 0
1630320813 110 4817 25666 0 29344 0
1630321257 110 4817 25666 0 29344 0
1630321337 110 4817 25666 0 29344 0
1630375896 110 4828 25666 0 29344 0
1630376093 110 4828 25666 0 29344 0
1630376143 110 4828 25666 0 29344 0
1630378542 110 4829 25666 0 29344 0
1630388664 110 4829 25666 0 29344 0
1630388704 110 4829 25666 0 29344 0
1630391592 110 4829 25666 0 29344 0
1630393401 110 4829 25804 0 29344 0
1630393476 110 4829 25804 0 29344 0
1630393522 110 4829 25804 0 29344 0
1630394644 156 4829 25804 0 29344 0
1630394673 202 4829 25804 0 29344 0
1630395926 202 4829 25804 0 29344 0
1630396350 202 4829 25805 0 29344 0
1630396549 202 4829 25805 0 29344 0
1630401264 202 4829 25805 0 29344 0
1630407074 202 4852 25805 0 29344 0
1630407227 202 4852 25805 0 29344 0
1630407267 202 4852 25805 0 29344 0
1630561263 202 4852 26388 0 29344 0
1630563908 202 4852 26388 0 29344 0
1630563939 202 4852 26388 0 29344 0
1630564484 202 4852 26388 0 29344 0
1630564768 202 4900 26388 0 29344 0
1630566651 202 4900 26388 0 29344 0
1630566759 202 4900 26388 0 29344 0
1630566834 202 4900 26388 0 29344 0
1630640645 202 4900 26437 0 29344 0
1630640849 202 4900 26437 0 29344 0
1630640877 202 4900 26437 0 29344 0
1630652173 202 4900 26460 0 29344 0
1630652224 202 4900 26460 0 29344 0
1630652275 202 4900 26460 0 29344 0
1630652763 202 4900 26468 0 29344 0
1630652789 202 4900 26468 0 29344 0
1630653043 202 4915 26468 0 29344 0
1630653104 202 4915 26468 0 29344 0
1630653123 202 4915 26468 0 29344 0
1630663606 202 4915 26468 0 29344 0
1630979179 202 4915 26468 0 29344 0
1630981479 202 4915 26468 0 29344 0
1630982150 202 4915 26468 0 29344 0
1630982180 202 4915 26468 0 29344 0
1630982225 202 4915 26468 0 29344 0
1630982384 202 4915 26468 0 29344 0
1630993173 202 4915 26468 0 29344 0
1631089046 202 4915 26515 0 29344 0
1631089158 202 4915 26515 0 29344 0
1631089197 202 4915 26515 0 29344 0
1631093766 202 4921 26515 0 29344 0
1631093855 202 4921 26515 0 29344 0
1631093883 202 4921 26515 0 29344 0
1631517308 202 4921 27493 0 29344 0
1631517376 202 4921 27493 0 29344 0
1631517409 202 4921 27493 0 29344 0
1631524980 202 4921 27511 0 29344 0
1631525450 202 4921 27511 0 29344 0
1631525481 202 4921 27511 0 29344 0
1631531245 202 4921 27526 0 29344 0
1631531273 202 4921 27526 0 29344 0
1631531508 202 4921 27526 0 29344 0
1631591925 202 4921 27533 0 29344 0
1631592198 202 4921 27533 0 29344 0
1631592233 202 4921 27533 0 29344 0
1631763435 202 4921 30439 0 29344 0
1631763577 202 4921 30439 0 29344 0
1631763603 202 4921 30439 0 29344 0
1631767262 202 4921 30442 0 29344 0
1631767292 202 4921 30442 0 29344 0
1631767329 202 4921 30442 0 29344 0
1631768016 202 4921 30446 0 29344 0
1631768035 202 4921 30446 0 29344 0
1631791644 202 4921 30593 0 29344 0
1631791728 202 4921 30593 0 29344 0
1631791754 202 4921 30593 0 29344 0
1631868476 202 4921 31148 0 29344 0
1631868788 202 4921 31148 0 29344 0
1631868815 202 4921 31148 0 29344 0
1631959283 202 4921 32126 0 29344 0
1631960626 202 4921 32126 0 29344 0
1631960669 202 4921 32126 0 29344 0
1632381307 202 4921 33060 0 29344 0
1632381370 202 4921 33060 0 29344 0
1632381405 202 4921 33060 0 29344 0
1632389536 202 4921 33300 0 29344 0
1632389575 202 4921 33300 0 29344 0
1632389615 202 4921 33300 0 29344 0
1632625911 202 4921 33766 0 29344 0
1632626577 202 4921 33766 0 29344 0
1632626606 202 4921 33766 0 29344 0
1632980897 202 4921 34924 0 29344 0
1632981337 202 4921 34924 0 29344 0
1632981369 202 4921 34924 0 29344 0
1632983272 202 4921 34984 0 29344 0
1632983391 202 4921 34984 0 29344 0
1632983510 202 4921 34984 0 29344 0
1633662709 202 4941 34984 0 29344 0
1633662888 202 4941 34984 0 29344 0
1633662928 202 4941 34984 0 29344 0
1633677256 202 4941 34984 0 29344 0
1633677268 202 4941 34984 0 29344 0
1633746894 202 4941 34984 0 29344 0
1633748615 202 4941 34994 0 29344 0
1633748691 202 4941 34994 0 29344 0
1634031684 202 4941 35452 0 29344 0
1634032005 202 4941 35452 0 29344 0
1634032032 202 4941 35452 0 29344 0
1634282585 202 4941 35548 0 29344 0
1634282644 202 4941 35548 0 29344 0
1634282674 202 4941 35548 0 29344 0
1634528139 202 4941 35737 0 29344 0
1634528196 202 4941 35737 0 29344 0
1634528232 202 4941 35737 0 29344 0
1634540496 202 4941 35737 0 29344 0
1634540527 202 4941 35737 0 29344 0
1634607481 202 4941 35748 0 29344 0
1634607557 202 4941 35748 0 29344 0
1634611944 202 4941 35750 0 29344 0
1634611966 202 4941 35750 0 29344 0
1634626983 202 4941 35874 0 29344 0
1634627053 202 4941 35874 0 29344 0
1634627085 202 4941 35874 0 29344 0
1634722166 202 4941 36290 0 29344 0
1634722255 202 4941 36290 0 29344 0
1634722284 202 4941 36290 0 29344 0
1634783538 202 4941 36295 0 29344 0
1634784127 202 4941 36295 0 29344 0
1634788525 202 4941 36295 0 29344 0
1634788534 202 4941 36295 0 29344 0
1634805423 202 4941 36309 0 29344 0
1634806144 202 4941 36309 0 29344 0
1634806182 202 4941 36309 0 29344 0
1634890331 202 4941 36342 0 29344 0
1634893743 202 4941 36342 0 29344 0
1634893769 202 4941 36342 0 29344 0
1635392152 202 4941 36714 0 29344 0
1635392286 202 4941 36714 0 29344 0
1635392312 202 4941 36714 0 29344 0
1635471750 202 4941 36714 0 29344 0
1635471786 202 4941 36714 0 29344 0
1635491781 202 4941 36769 0 29344 0
1635491902 202 4941 36769 0 29344 0
1635491932 202 4941 36769 0 29344 0
1635501820 202 4948 36769 0 29344 0
1635501888 202 4948 36769 0 29344 0
1635504534 202 4948 36769 0 29344 0
1635504632 202 4948 36769 0 29344 0
1635736782 202 4952 36769 0 29344 0
1635736794 202 4952 36769 0 29344 0
1635736808 202 4952 36769 0 29344 0
1635736916 202 4952 36769 0 29344 0
1635736966 202 4952 36769 0 29344 0
1635737072 202 4954 36769 0 29344 0
1635760752 202 4954 36774 0 29344 0
1635760853 202 4954 36774 0 29344 0
1635846708 202 4954 36889 0 29344 0
1635846773 202 4954 36889 0 29344 0
1635846788 202 4954 36889 0 29344 0
1635846829 202 4954 36889 0 29344 0
1635910445 202 4954 36891 0 29344 0
1635910477 202 4954 36891 0 29344 0
1635936563 202 4954 36955 0 29344 0
1635936594 202 4954 36955 0 29344 0
1635989093 202 4954 36958 0 29344 0
1635990086 202 4954 36958 0 29344 0
1636091338 202 4955 36958 0 29344 0
1636092433 202 4955 36958 0 29344 0
1636092476 202 4955 36958 0 29344 0
1636092502 202 4955 36958 0 29344 0
1636527125 202 5278 36958 0 29344 0
1636527154 202 5278 36958 0 29344 0
1636533878 202 5278 37532 0 29344 0
1636533978 202 5278 37532 0 29344 0
1636534003 202 5278 37532 0 29344 0
1636616724 202 5278 37566 0 29344 0
1636616903 202 5278 37566 0 29344 0
1636616944 202 5278 37566 0 29344 0
1637051747 202 5668 37566 0 29344 0
1637051800 202 5668 37566 0 29344 0
1637051828 202 5668 37566 0 29344 0
1637114941 202 5668 37566 0 29344 0
1637127449 202 5700 37566 0 29344 0
1637128142 202 5700 37566 0 29344 0
1637138099 202 5700 37657 0 29344 0
1637138537 202 5700 37657 0 29344 0
1637138558 202 5700 37657 0 29344 0
1637138601 202 5700 37657 0 29344 0
1637217699 202 5700 37657 0 29344 0
1637221986 202 5700 37657 0 29344 0
1637222010 202 5700 37657 0 29344 0
1637659407 202 5700 38323 0 29344 0
1637659536 202 5700 38323 0 29344 0
1637659577 202 5700 38323 0 29344 0
1637660620 202 5700 38377 0 29344 0
1637660891 202 5700 38377 0 29344 0
1637660921 202 5700 38377 0 29344 0
1637801810 202 5700 38383 0 29344 0
1637801874 202 5700 38383 0 29344 0
1638328892 202 5700 38383 9 29344 0
1638329005 202 5700 38383 9 29344 0
1638346469 202 5700 38383 9 29344 0
1638346498 202 5700 38383 9 29344 0
1638346581 202 5700 38383 2898 29344 0
1638347078 202 5700 38383 2898 29344 0
1638347083 202 5700 38383 2898 29344 0
1638437442 202 5700 38383 3038 29344 0
1638437545 202 5700 38383 3038 29344 0
1638437580 202 5700 38383 3038 29344 0
1638438657 202 5700 38383 3038 29344 0
1638438845 202 5700 38383 3038 29344 0
1638438882 202 5700 38383 3038 29344 0
1638442248 202 5700 38383 3038 29344 0
1638444288 202 5703 38383 3038 29344 0
1638444382 202 5703 38383 3038 29344 0
1638495985 202 5703 38383 3038 29344 0
1638495994 202 5703 38383 3038 29344 0
1638496020 202 5703 38383 3038 29344 0
1638953177 202 5703 38383 6888 29344 0
1638953789 202 5703 38383 6888 29344 0
1638953857 202 5703 38383 6888 29344 0
1638957505 202 5703 38383 6907 29344 0
1638957548 202 5703 38383 6907 29344 0
1638957574 202 5703 38383 6907 29344 0
1639357195 202 5703 38383 7960 29344 0
1639364003 202 5703 38383 7960 29344 0
1639364029 202 5703 38383 7960 29344 0
1639474081 202 5703 38383 24092 29344 0
1639474305 202 5703 38383 24092 29344 0
1639474337 202 5703 38383 24092 29344 0
1639555220 202 5703 38383 24102 29344 0
1639555315 202 5703 38383 24102 29344 0
1639555343 202 5703 38383 24102 29344 0
1639619054 202 5703 38383 24111 29344 0
1639619336 202 5703 38383 24111 29344 0
1639652835 202 5703 38383 24111 29344 0
1639652862 202 5703 38383 24111 29344 0
1639731306 202 5703 38383 24160 29344 0
1639731338 202 5703 38383 24160 29344 0
1639731432 202 5703 38383 24160 29344 0
1639737558 202 6026 38383 24160 29344 0
1639737691 202 6136 38383 24160 29344 0
1639995889 202 6138 38383 24160 29344 0
1639995965 202 6138 38383 24160 29344 0
1639995998 202 6138 38383 24160 29344 0
1640073702 202 6141 38383 24160 29344 0
1640073986 202 6141 38383 24160 29344 0
1640077812 202 6141 38383 24368 29344 0
1640078137 202 6141 38383 24368 29344 0
1640078173 202 6141 38383 24368 29344 0
1640078298 202 6141 38383 24368 29344 0
1640161955 202 6141 38383 25666 29344 0
1640161992 202 6141 38383 25666 29344 0
1640162023 202 6141 38383 25666 29344 0
1640162256 202 6161 38383 25666 29344 0
1640168835 202 6214 38383 25666 29344 0
1640168868 202 6214 38383 25666 29344 0
1640224006 202 6306 38383 25666 29344 0
1640241434 202 6393 38383 25666 29344 0
1640246760 202 6397 38383 25666 29344 0
1640248387 202 6407 38383 25666 29344 0
1640251548 202 6410 38383 25666 29344 0
1640251687 202 6410 38383 25666 29344 0
1640251717 202 6410 38383 25666 29344 0
1640335620 202 6410 38383 25729 29344 0
1640335922 202 6410 38383 25729 29344 0
1640335946 202 6410 38383 25729 29344 0
1640595867 202 6410 38383 25731 29344 0
1640596866 202 6410 38383 25733 29344 0
1640597133 202 6410 38383 25733 29344 0
1640597167 202 6410 38383 25733 29344 0
1640599863 202 6410 38383 25733 29344 0
1640681110 202 6410 38383 25735 29344 0
1640681269 202 6410 38383 25735 29344 0
1640681295 202 6410 38383 25735 29344 0
1640682600 202 6413 38383 25735 29344 0
1640682639 202 6413 38383 25735 29344 0
1640743412 202 6413 38383 25735 29344 0
1641968911 202 6413 38383 26755 29344 0
1641982933 202 6413 38383 26771 29344 0
1642039221 202 6413 38383 26771 29344 0
1642039248 202 6413 38383 26771 29344 0
1642150300 202 6413 38383 27364 29344 0
1642153872 202 6413 38383 27364 29344 0
1642153901 202 6413 38383 27364 29344 0
1642384081 202 6413 38383 27431 29344 0
1642384134 202 6413 38383 27431 29344 0
1642384171 202 6413 38383 27431 29344 0
1642415573 202 6413 38383 27503 29344 0
1642415625 202 6413 38383 27503 29344 0
1642415657 202 6413 38383 27503 29344 0
1642585230 202 6413 38383 27558 29344 0
1642585744 202 6413 38383 27558 29344 0
1642585774 202 6413 38383 27558 29344 0
1642750594 202 6413 38383 30973 29344 0
1642750787 202 6413 38383 30973 29344 0
1642750809 202 6413 38383 30973 29344 0
1642758188 202 6413 38383 30980 29344 0
1642758438 202 6413 38383 30980 29344 0
1642758487 202 6413 38383 30980 29344 0
1643187905 202 6413 38383 32495 29344 0
1643187950 202 6413 38383 32495 29344 0
1643187975 202 6413 38383 32495 29344 0
1644374077 202 6413 38383 32540 29344 0
1644385618 202 6413 38383 32540 29344 0
1644385647 202 6413 38383 32540 29344 0
1644818416 202 6453 38383 32540 29344 0
1644818576 202 6453 38383 32540 29344 0
1644818600 202 6453 38383 32540 29344 0
1644893953 202 6455 38383 32540 29344 0
1644894018 202 6455 38383 32540 29344 0
1644894063 202 6455 38383 32540 29344 0
1645060891 202 6455 38383 32542 29344 0
1645079687 202 6480 38383 32542 29344 0
1645079781 202 6480 38383 32542 29344 0
1645079802 202 6480 38383 32542 29344 0
1645079827 202 6480 38383 32542 29344 0
1645088626 202 6480 38383 32542 29344 0
1645088653 202 6480 38383 32542 29344 0
1645409253 202 6480 38383 33372 29344 0
1645424866 202 6480 38383 33372 29344 0
1645523750 202 6480 38383 33372 29344 0
1645526573 202 6480 38383 48930 29344 0
1645529009 202 6480 38383 48940 29344 0
1645529115 202 6480 38383 48940 29344 0
1645581880 202 6480 38383 48941 29344 0
1645581937 202 6480 38383 48941 29344 0
1645582084 202 6480 38383 48941 29344 0
1645585557 202 6489 38383 48941 29344 0
1645585604 202 6489 38383 51865 29344 0
1645585654 202 6489 38383 51865 29344 0
1645585657 202 6489 38383 51865 29344 0
1645585668 202 6489 38383 51865 29344 0
1645594468 202 6489 38383 51865 29344 0
1645600631 202 6489 38383 51865 29344 0
1645601754 202 6489 38383 51866 29344 0
1645601803 202 6489 38383 51866 29344 0
1645610212 202 6490 38383 51866 29344 0
1645611474 202 6491 38383 51866 29344 0
1645612284 202 6491 38383 51881 29344 0
1645666909 202 6491 38383 51881 29344 0
1645666914 202 6491 38383 51881 29344 0
1645666957 202 6491 38383 51881 29344 0
1645666964 202 6491 38383 51881 29344 0
1645668015 202 6491 38383 51881 29344 0
1645668617 202 7013 38383 51881 29344 0
1645668965 202 7013 38383 51892 29344 0
1645669132 202 7013 38383 51892 29344 0
1645669359 202 7013 38383 51892 29344 0
1645669720 202 7013 38383 51894 29344 0
1645669926 202 7013 38383 51894 29344 0
1645671413 202 7013 38383 51894 29344 0
1645673418 202 7013 38383 51894 29344 0
1645686827 202 7013 38383 51894 29344 0
1645755551 202 7013 38383 51894 29344 0
1646205396 202 7013 38383 52186 29344 0
1646207108 202 7013 38383 52186 29344 0
1646376703 202 7013 38383 52186 29344 0
1646377023 202 7013 38383 52186 29344 0
1646619214 202 7013 38383 52186 29344 0
1646619220 202 7013 38383 52186 29344 0
1646636586 202 7013 38383 52186 29344 0
1646642048 202 7122 38383 52186 29344 0
1646704860 202 7122 38383 52186 29405 0
1646711283 202 7122 38383 52186 29405 0
1646711290 202 7122 38383 52186 29405 0
1646727418 202 7122 38383 52186 29405 0
1646727635 202 7122 38383 52186 29570 0
1646733906 202 7122 38383 52186 29583 0
1646736858 202 7122 38383 52219 29583 0
1646736966 202 7122 38383 52219 29583 0
1646736972 202 7122 38383 52219 29583 0
1646796205 202 7122 38383 52219 29583 0
1646796573 202 7122 38383 52219 29588 0
1646796799 202 7122 38383 52219 29589 0
1646796929 202 7122 38383 52219 29589 0
1646964454 202 7122 38383 52219 29589 0
1647247072 202 7122 38383 52219 29589 0
1647310432 202 7122 38383 52219 29589 0
1647311541 202 7227 38383 52219 29589 0
1647313646 202 7227 38383 52219 29591 0
1647313869 202 7227 38383 52219 29593 0
1647329818 202 7227 38383 52219 29593 0
1647329845 202 7227 38383 52219 29593 0
1647423332 202 7227 38383 52277 29593 0
1647423409 202 7227 38383 52277 29593 0
1647506444 202 7227 38383 52277 29593 0
1647506846 202 7227 38383 52277 29593 0
1647592783 202 7227 38383 52277 29593 0
1647595874 202 7235 38383 52277 29593 0
1647595976 202 7235 38383 52277 29593 0
1647596041 202 7235 38383 52378 29593 0
1647596772 202 7235 38383 52399 29593 0
1647596953 202 7235 38383 52399 29593 0
1647599973 202 7235 38383 52399 29593 0
1647607177 202 7269 38383 52399 29593 0
1647607255 202 7269 38383 52399 29593 0
1647843337 202 7269 38383 52469 29593 0
1647858887 202 7269 38383 52469 29593 0
1647917183 202 7269 38383 52469 29593 0
1647931847 202 7269 38383 52503 29593 0
1647937163 202 7269 38383 52503 29593 0
1647937251 202 7269 38383 52503 29593 0
1647945519 202 7269 38383 52503 29593 0
1648000374 202 7281 38383 52503 29593 0
1648000508 202 7281 38383 52503 29593 0
1648000516 202 7281 38383 52503 29593 0
1648004827 202 7281 38383 52503 29593 0
1648004875 202 7281 38383 52503 29593 0
1648004880 202 7281 38383 52503 29593 0
1648014441 202 7281 38383 52503 29593 0
1648092403 202 7311 38383 52503 29593 0
1648092492 202 7311 38383 52503 29593 0
1648109927 202 7311 38383 52503 29593 0
1648116100 202 7311 38383 53009 29593 0
1648116197 202 7311 38383 53009 29593 0
1648116202 202 7311 38383 53009 29593 0
1648174088 202 7311 38383 53029 29593 0
1648174226 202 7311 38383 53029 29593 0
1648176215 202 7311 38383 53029 29593 0
1648177439 202 7311 38383 53030 29593 0
1648177800 202 7311 38383 53030 29593 0
1648177830 202 7311 38383 53030 29593 0
1648201631 202 7311 38383 53038 29593 0
1648202547 202 7311 38383 53038 29593 0
1648464840 202 7920 38383 53038 29593 0
1648464906 202 7920 38383 53038 29593 0
1648465049 202 7920 38383 53038 29593 0
1648465334 202 7920 38383 53038 29593 0
1648465339 202 7920 38383 53038 29593 0
1648465836 202 7920 38383 53038 29593 0
1648534746 202 7920 38383 53039 29593 0
1648534810 202 7920 38383 53039 29593 0
1648534962 202 7920 38383 53039 29593 0
1648612324 202 7920 38383 53051 29593 0
1648612420 202 7920 38383 53051 29593 0
1648693781 202 7920 38383 53051 29593 0
1648712642 202 7930 38383 53051 29593 0
1648713258 202 7930 38383 53051 29593 0
1648713267 202 7930 38383 53051 29593 0
1648722644 202 7930 38383 53051 29593 0
1648778683 202 7930 38383 53051 29593 0
1648799306 202 8005 38383 53051 29593 0
1648800283 202 8005 38383 53051 29593 0
1648800318 202 8005 38383 53051 29593 0
1648806824 202 8005 38383 53051 29593 0
1648806844 202 8005 38383 53051 29593 0
1648863600 202 8022 38383 53051 29593 0
1648863686 202 8022 38383 53051 29593 0
1648864166 202 8022 38383 53051 29593 0
1648864167 202 8023 38383 53051 29593 0
1648864257 202 8023 38383 53051 29593 0
1648868115 202 8023 38383 53051 29593 0
1648868131 202 8023 38383 53051 29593 0
1648868825 202 8024 38383 53051 29593 0
1648868961 202 8024 38383 53051 29593 0
1648881014 202 8024 38383 53051 29593 0
1649213783 202 8024 38383 53051 29593 0
1649385324 202 8024 38383 53051 29594 0
1649407011 202 8024 38383 53518 29594 0
1649407103 202 8024 38383 53518 29594 0
1649918879 202 8024 38383 53889 29594 0
1649918915 202 8024 38383 53889 29594 0
1650610941 202 8024 38383 53889 29594 0
1650623007 202 8024 38383 53899 29594 0
1650623053 202 8024 38383 53899 29594 0
1650623295 202 8024 38383 53899 29594 0
1650967109 202 8024 38383 54030 29594 0
1650967182 202 8024 38383 54030 29594 0
1650968558 202 8024 38383 54030 29594 0
1651049746 202 8024 38383 54561 29594 0
1651050060 202 8024 38383 54561 29594 0
1651050268 202 8024 38383 54561 29594 0
1651139625 202 8024 38383 54646 29594 0
1651139839 202 8024 38383 54646 29594 0
1651212919 202 8024 38383 54646 29594 0
1651803533 202 8024 38383 54646 29594 0
1651803572 202 8024 38383 54646 29594 0
1651805135 202 8024 38383 54683 29594 0
1651805294 202 8024 38383 54683 29594 0
1651806634 202 8024 38383 54683 29594 0
1651830471 202 8024 38383 54697 29594 0
1651830851 202 8024 38383 54697 29594 0
1651831439 202 8024 38383 54697 29594 0
1651891806 202 8024 38383 54698 29594 0
1651891841 202 8024 38383 54698 29594 0
1651891999 202 8024 38383 54698 29594 0
1651893605 202 8024 38383 54698 29594 0
1652087393 202 8024 38383 54762 29594 0
1652087607 202 8024 38383 54762 29594 0
1652087868 202 8024 38383 54762 29594 0
1652152465 202 8024 38383 54800 29594 0
1652152515 202 8024 38383 54800 29594 0
1652153019 202 8024 38383 54800 29594 0
1652174486 202 8024 38383 54908 29594 0
1652174750 202 8024 38383 54908 29594 0
1652174757 202 8024 38383 54908 29594 0
1652174988 202 8024 38383 54908 29594 0
1652237129 202 8024 38383 54918 29594 0
1652237163 202 8024 38383 54918 29594 0
1652237513 202 8024 38383 54918 29594 0
1652326053 202 8024 38383 54971 29594 0
1652326419 202 8024 38383 54971 29594 0
1652326506 202 8024 38383 54971 29594 0
1652757303 202 8024 38383 54992 29594 0
1652757388 202 8024 38383 54992 29594 0
1652757921 202 8024 38383 54992 29594 0
1652769894 202 8024 38383 55001 29594 0
1652769911 202 8024 38383 55001 29594 0
1652770001 202 8024 38383 55001 29594 0
1652770146 202 8024 38383 55001 29594 0
1652780826 202 8024 38383 55010 29594 0
1652780843 202 8024 38383 55010 29594 0
1652780919 202 8024 38383 55010 29594 0
1652781255 202 8024 38383 55010 29594 0
1652929065 202 8024 38383 55010 29594 0
1653987807 202 8024 38383 55013 29594 0
1653987843 202 8024 38383 55013 29594 0
1653988054 202 8024 38383 55013 29594 0
1654831714 202 8024 38383 55013 29594 0
1656411587 202 8024 38383 55689 29594 0
1656411713 202 8024 38383 55689 29594 0
1656411967 202 8024 38383 55689 29594 0
1656495376 202 8024 38383 55711 29594 0
1656495585 202 8024 38383 55711 29594 0
1656496173 202 8024 38383 55711 29594 0
1656642883 202 8024 38383 55711 29594 0
1657272359 202 8024 38383 55975 29594 0
1657272653 202 8024 38383 55975 29594 0
1657273373 202 8024 38383 55975 29594 0
1657275362 202 8024 38383 56419 29594 0
1657275433 202 8024 38383 56419 29594 0
1657275457 202 8024 38383 56419 29594 0
1657851883 202 8024 38383 56419 29594 0
1659433749 202 8024 38383 56491 29594 0
1659433815 202 8024 38383 56491 29594 0
1660123089 202 8024 38383 56494 29594 0
1660124009 202 8024 38383 56494 29594 0
1660125275 202 8024 38383 56494 29594 0
1660210386 202 8024 38383 56669 29594 0
1660210494 202 8024 38383 56669 29594 0
1660211883 202 8024 38383 56669 29594 0
1660271861 202 8024 38383 56669 29594 0
1660729144 202 8024 38383 58409 29594 0
1660729683 202 8024 38383 58409 29594 0
1660729820 202 8024 38383 58409 29594 0
1660814137 202 8024 38383 58455 29594 0
1660818184 202 8024 38383 58455 29594 0
1660818354 202 8024 38383 58455 29594 0
1661334990 202 8024 38383 59243 29594 0
1661335151 202 8024 38383 59243 29594 0
1661393418 202 8024 38383 59243 29594 0
1661852595 202 8024 38383 60577 29594 0
1661852886 202 8024 38383 60577 29594 0
1661853373 202 8024 38383 60577 29594 0
1661937971 202 8024 38383 60824 29594 0
1661939024 202 8024 38383 60824 29594 0
1661939081 202 8024 38383 60824 29594 0
1662021894 202 8024 38383 60845 29594 0
1662022086 202 8024 38383 60845 29594 0
1662022412 202 8024 38383 60845 29594 0
1662087798 202 8024 38383 60848 29594 0
1662087851 202 8024 38383 60848 29594 0
1662088143 202 8024 38383 60848 29594 0
1662346246 202 8024 38383 60848 29594 0
1662367714 202 8024 38383 61089 29594 0
1662368120 202 8024 38383 61089 29594 0
1662368259 202 8024 38383 61089 29594 0
1662455228 202 8024 38383 61103 29594 0
1662455642 202 8024 38383 61103 29594 0
1662456244 202 8024 38383 61103 29594 0
1662533513 202 8024 38383 62154 29594 0
1662533556 202 8024 38383 62154 29594 0
1662533794 202 8024 38383 62154 29594 0
1662624290 202 8024 38383 62470 29594 0
1662627253 202 8024 38383 62470 29594 0
1662628789 202 8024 38383 62470 29594 0
1663051115 202 8024 38383 62511 29594 0
1663051520 202 8024 38383 62511 29594 0
1663051957 202 8024 38383 62511 29594 0
1663138276 202 8024 38383 62552 29594 0
1663138538 202 8024 38383 62552 29594 0
1663138678 202 8024 38383 62552 29594 0
1663220445 202 8024 38383 62552 29594 0
1663324863 202 8024 38383 63819 29594 0
1663325050 202 8024 38383 63819 29594 0
1663552160 202 8024 38383 63819 29594 0
1663665477 202 8024 38383 63988 29594 0
1663666023 202 8024 38383 63988 29594 0
1663667864 202 8024 38383 63988 29594 0
1663754510 202 8024 38383 63996 29594 0
1663755015 202 8024 38383 63996 29594 0
1663756138 202 8024 38383 63996 29594 0
1664184758 202 8024 38383 64068 29594 0
1664188541 202 8024 38383 64068 29594 0
1664246960 202 8024 38383 64068 29594 0
1664247351 202 8024 38383 64068 29594 0
1664262898 202 8024 38383 64085 29594 0
1664265523 202 8024 38383 64085 29594 0
1665306290 202 8024 38383 64365 29594 0
1665306729 202 8024 38383 64365 29594 0
1665307366 202 8024 38383 64365 29594 0
1665392735 202 8024 38383 64394 29594 0
1665393162 202 8024 38383 64394 29594 0
1665393481 202 8024 38383 64394 29594 0
1665453691 202 8024 38383 64424 29594 0
1665454427 202 8024 38383 64424 29594 0
1665454433 202 8024 38383 64424 29594 0
1666080855 202 8024 38383 64442 29594 0
1666081222 202 8024 38383 64442 29594 0
1666081371 202 8024 38383 64442 29594 0
1666160344 202 8024 38383 64449 29594 0
1666161227 202 8024 38383 64449 29594 0
1666162453 202 8024 38383 64449 29594 0
1666163010 202 8024 38383 64451 29594 0
1666163150 202 8024 38383 64451 29594 0
1666163394 202 8024 38383 64451 29594 0
1666235654 202 8024 38383 64451 29594 0
1667292316 202 8024 38383 64849 29594 0
1667293050 202 8024 38383 64849 29594 0
1667293263 202 8024 38383 64849 29594 0
1667294293 202 8024 38383 64860 29594 0
1667294546 202 8024 38383 64860 29594 0
1667295063 202 8024 38383 64860 29594 0
1667380631 202 8024 38383 65029 29594 0
1667381235 202 8024 38383 65029 29594 0
1667382154 202 8024 38383 65029 29594 0
1667442167 202 8024 38383 65029 29594 0
1668504153 202 8024 38383 65347 29594 0
1668504689 202 8024 38383 65347 29594 0
1668505888 202 8024 38383 65347 29594 0
1668651140 202 8024 38383 65347 29594 0
1670909119 202 12874 38383 65347 29594 0
1670909867 202 12874 38383 65347 29594 0
1670923168 202 13468 38383 65347 29594 0
1670923280 202 13468 38383 65347 29594 0
1670999488 203 13468 38383 65347 29594 0
1671009242 203 13468 38383 65347 29594 0
1671162563 203 15904 38383 65347 29594 0
1671162597 203 15904 38383 65347 29594 0
1671162648 203 15904 38383 65347 29594 0
1671162717 203 15904 38383 65347 29594 0
1671163084 203 15904 38383 65347 29594 0
1671184975 203 16200 38383 65347 29594 0
1671185010 203 16201 38383 65347 29594 0
1671185956 203 16201 38383 65347 29594 0
1671186461 203 16201 38383 65347 29594 0
1671421324 203 16799 38383 65347 29594 0
1671421799 203 16801 38383 65347 29594 0
1671421884 203 16801 38383 65347 29594 0
1671429789 203 16801 38383 65347 29594 0
1671434657 203 16803 38383 65347 29594 0
1671434685 203 16803 38383 65347 29594 0
1671449206 203 17381 38383 65347 29594 0
1671532013 203 18207 38383 65347 29594 0
1671532510 203 18207 38383 65347 29594 0
1671618373 203 18860 38383 65347 29594 0
1671618487 203 18860 38383 65347 29594 0
1671625730 203 18866 38383 65347 29594 0
1671673351 203 18866 38383 65347 29594 0
1672121684 203 19707 38383 65347 29594 0
1672121726 203 19707 38383 65347 29594 0
1672121817 203 19707 38383 65347 29594 0
1672133634 203 19817 38383 65347 29594 0
1672134007 203 19817 38383 65347 29594 0
1673332736 203 21818 38383 65347 29594 0
1673332937 203 21818 38383 65347 29594 0
1673419292 203 22327 38383 65347 29594 0
1673420040 203 22327 38383 65347 29594 0
1673492426 203 22327 38383 65347 29594 0
1673574377 203 22561 38383 65347 29594 0
1673580120 203 22581 38383 65347 29594 0
1673581820 203 22581 38383 65347 29594 0
1673582738 203 22581 38383 65347 29594 0
1673582746 203 22581 38383 65347 29594 0
1675238254 203 23559 38383 65347 29594 0
1675238320 203 23559 38383 65347 29594 0
1675238466 203 23563 38383 65347 29594 0
1675238781 203 23563 38383 65347 29594 0
1675663414 203 23729 38383 65347 29594 0
1675664279 203 23729 38383 65347 29594 0
1675835760 203 24101 38383 65347 29594 0
1675835845 203 24101 38383 65347 29594 0
1677029836 203 24666 38383 65347 29594 0
1677030425 203 24669 38383 65347 29594 0
1677031457 203 24669 38383 65347 29594 0
1677031471 203 24669 38383 65347 29594 0
1677031861 203 24669 38383 65347 29594 0
1677045385 203 24669 38383 65347 29594 0
1677057084 203 24675 38383 65347 29594 0
1677057773 203 24675 38383 65347 29594 0
1677117437 203 24675 38383 65347 29594 0
1677491760 203 24691 38383 65347 29594 0
1677492552 203 24691 38383 65347 29594 0
1677638893 203 24761 38383 65347 29594 0
1677639422 203 24761 38383 65347 29594 0
1677738551 203 24761 38383 65347 29594 0
1678341267 203 24761 38383 65347 29594 0
1678843564 203 24761 38383 65632 29594 0
1678843709 203 24761 38383 65632 29594 0
1678846086 203 24761 38383 65632 29594 0
1679306434 203 24763 38383 65632 29594 0
1679306507 203 24765 38383 65632 29594 0
1679308017 203 24765 38383 65632 29594 0
1679308024 203 24765 38383 65632 29594 0
1680078524 203 25531 38383 65632 29594 0
1680078574 203 25540 38383 65632 29594 0
1680078613 203 25540 38383 65632 29594 0
1680078712 203 25547 38383 65632 29594 0
1680079178 203 25547 38383 65632 29594 0
1680079185 203 25547 38383 65632 29594 0
1680143494 203 25566 38383 65632 29594 0
1680143525 203 25566 38383 65632 29594 0
1680143589 203 25568 38383 65632 29594 0
1680144933 203 25568 38383 65632 29594 0
1680146066 203 25568 38383 65632 29594 0
1681208235 203 26181 38383 65632 29594 0
1681208422 203 26265 38383 65632 29594 0
1681264179 203 26265 38383 65632 29594 0
1681266596 203 26265 38383 65632 29594 0
1681281723 203 26316 38383 65632 29594 0
1681282197 203 26316 38383 65632 29594 0
1681284189 203 26316 38383 65632 29594 0
1681285221 203 26320 38383 65632 29594 0
1681286018 203 26320 38383 65632 29594 0
1681286609 203 26320 38383 65632 29594 0
1681717398 203 26427 38383 65632 29594 0
1681717619 203 26427 38383 65632 29594 0
1681717698 203 26427 38383 65632 29594 0
1681873827 203 26444 38383 65632 29594 0
1681886170 203 26444 38383 65632 29594 0
1683699917 203 26491 38383 65632 29594 0
1683700475 203 26491 38383 65632 29594 0
1683700484 203 26491 38383 65632 29594 0
1683700674 203 26492 38383 65632 29594 0
1683702293 203 26492 38383 65632 29594 0
1683702386 203 26492 38383 65632 29594 0
1684736064 203 26630 38383 65632 29594 0
1684736246 203 26935 38383 65632 29594 0
1684825037 203 26935 38383 65632 29594 0
1684826805 203 26956 38383 65632 29594 0
1685002681 203 27193 38383 65632 29594 0
1685005220 203 27221 38383 65632 29594 0
1685008151 203 27226 38383 65632 29594 0
1685093983 203 27226 38383 65632 29594 0
1685416358 203 27226 38383 65632 29594 0
1685497838 203 27315 38383 65632 29594 0
1685944458 203 27491 38383 65632 29594 0
1685945044 203 27491 38383 65632 29594 0
1685946401 203 27501 38383 65632 29594 0
1685947861 203 27501 38383 65632 29594 0
1686133297 203 27671 38383 65632 29594 0
1686192677 203 27671 38383 65632 29594 0
1686193931 203 27674 38383 65632 29594 0
1686204997 203 27674 38383 65632 29594 0
1686205792 203 27674 38383 65632 29594 0
1686207063 203 27675 38383 65632 29594 0
1686207115 203 27675 38383 65632 29594 0
1686207373 203 27675 38383 65632 29594 0
1686218914 203 27721 38383 65632 29594 0
1686220806 203 27721 38383 65632 29594 0
1686297242 203 27721 38383 65632 29594 0
1686304744 203 27724 38383 65632 29594 0
1686304779 203 27724 38383 65632 29594 0
1686304835 203 27724 38383 65632 29594 0
1686304900 203 27725 38383 65632 29594 0
1686304912 203 27725 38383 65632 29594 0
1686539074 203 27812 38383 65632 29594 0
1686539748 203 27812 38383 65632 29594 0
1686880114 203 28289 38383 65632 29594 0
1686880168 203 28299 38383 65632 29594 0
1686880245 203 28299 38383 65632 29594 0
1687153756 203 28318 38383 65632 29594 0
1687153810 203 28318 38383 65632 29594 0
1687252677 203 28318 38383 65632 29594 0
1687316210 203 28318 38383 65632 29594 0
1687846264 203 28347 38383 65632 29594 0
1687948270 203 28359 38383 65632 29594 0
1688018675 203 28671 38383 65632 29594 0
1688025831 203 28674 38383 65632 29594 0
1688026815 203 28675 38383 65632 29594 0
1688027008 203 28676 38383 65632 29594 0
1688029769 203 28676 38383 65632 29594 0
1688095219 203 28676 38383 65632 29594 0
1688544290 203 28840 38383 65632 29594 0
1688546053 203 28840 38383 65632 29594 0
1688968793 203 28840 38383 65632 29594 0
1689041968 203 29322 38383 65632 29594 0
1689042867 203 29322 38383 65632 29594 0
1689148786 203 29322 38383 65632 29594 0
1689226813 203 29543 38383 65632 29594 0
1689226917 203 29543 38383 65632 29594 0
1689227837 203 29543 38383 65632 29594 0
1689658912 203 29543 38383 65632 29594 0
1689735640 203 30441 38383 65632 29594 0
1689735843 203 30441 38383 65632 29594 0
1689735931 203 30441 38383 65632 29594 0
1689735938 203 30441 38383 65632 29594 0
1689736003 203 30441 38383 65632 29594 0
1689754868 203 30441 38383 65632 29594 0
1689845193 203 30733 38383 65632 29594 0
1689845267 203 30733 38383 65632 29594 0
1689905091 203 30733 38383 65632 29594 0
1689905269 203 30734 38383 65632 29594 0
1689911902 203 30734 38383 65632 29594 0
1690529880 203 30777 38383 65632 29594 0
1690530012 203 30777 38383 65632 29594 0
1690969256 203 31087 38383 65632 29594 0
1691027756 203 31087 38383 65632 29594 0
1691996306 203 31087 38383 65632 29594 0
1692236327 203 31672 38383 65632 29594 0
1692241697 203 31900 38383 65632 29594 0
1692244335 203 31900 38383 65632 29594 0
1692245097 234 31900 38383 65632 29594 0
1692255905 234 32440 38383 65632 29594 0
1692256117 234 32440 38383 65632 29594 0
1692786571 234 33128 38383 65632 29594 0
1692786873 234 33128 38383 65632 29594 0
1692842125 234 33128 38383 65632 29594 0
1692866744 234 33257 38383 65632 29594 0
1693207953 234 33271 38383 65632 29594 0
1693207980 234 33271 38383 65632 29594 0
1693208031 234 33271 38383 65632 29594 0
1693290841 234 33271 38383 65632 29594 0
1693550136 234 33943 38383 65632 29594 0
1694065551 234 33943 38383 65632 29594 0
1694411327 234 34488 38383 65632 29594 0
1694411522 234 34488 38383 65632 29594 0
1694498191 234 34596 38383 65632 29594 0
1694498276 234 34596 38383 65632 29594 0
1694655645 234 34757 38383 65632 29594 0
1694655820 234 34757 38383 65632 29594 0
1695261362 234 35368 38383 65632 29594 0
1695276469 234 35368 38383 65632 29594 0
1696744274 234 35716 38383 65632 29594 0
1696744586 234 35868 38383 65632 29594 0
1696744941 234 35868 38383 65632 29594 0
1696761718 234 35868 38383 65632 29594 0
1696834293 234 35868 38383 65632 29594 0
1697507887 234 35868 38383 65632 29594 0
1697685360 234 35868 38383 65632 29594 0
1698200878 234 36149 38383 65632 29594 0
1698994788 234 36312 38383 65632 29594 0
1698994816 234 36955 38383 65632 29594 0
1698994952 234 36955 38383 65632 29594 0
1698994984 234 36955 38383 65632 29594 0
1698996692 234 36955 38383 65632 29594 0
1699928194 234 38064 38383 65632 29594 0
1699929355 234 38064 38383 65632 29594 0
1699933985 234 38064 38383 65632 29594 0
1700632420 234 38064 38383 65632 29594 0
