1647852575 1 0 0 0 0
1647859928 1 1 0 0 0
1647947304 1 2 0 0 0
1647947407 1 3 0 0 0
1647947423 1 4 0 0 0
1647947516 2 4 0 0 0
1648034491 2 5 0 0 0
1648034626 3 5 0 0 0
1648118775 3 6 0 0 0
1648205889 3 7 0 0 0
1648466756 3 8 0 0 0
1648553528 3 9 0 0 0
1648690702 3 10 0 0 0
1648728699 3 11 0 0 0
1648864082 3 12 0 0 0
1648899821 3 13 0 0 0
1649227247 4 13 0 0 0
1649238074 4 13 0 1 0
1649238628 4 14 0 1 0
1649238708 5 14 0 1 0
1649240795 5 14 0 2 0
1649241931 5 14 0 3 0
1649242053 6 14 0 3 0
1649310156 6 14 0 4 0
1649327624 6 14 0 5 0
1649327858 7 14 0 5 0
1649328283 7 15 0 5 0
1649328381 8 15 0 5 0
1649406779 8 15 0 6 0
1649415422 9 15 0 6 0
1649416142 9 16 0 6 0
1649499780 9 17 0 6 0
1649641388 10 17 0 6 0
1649641395 11 17 0 6 0
1649676120 11 18 0 6 0
1649730220 12 18 0 6 0
1649760933 12 19 0 6 0
1649761195 13 19 0 6 0
1649908080 13 20 0 6 0
1649908140 14 20 0 6 0
1649924324 15 20 0 6 0
1649936463 15 21 0 6 0
1649989283 15 22 0 6 0
1649991043 16 22 0 6 0
1649991297 17 22 0 6 0
1649994124 17 23 0 6 0
1649994185 18 23 0 6 0
1649995186 19 23 0 6 0
1650110325 19 24 0 6 0
1650248040 20 24 0 6 0
1650250519 21 24 0 6 0
1650251217 21 25 0 6 0
1650251279 22 25 0 6 0
1650254093 22 26 0 6 0
1650263060 23 26 0 6 0
1650271232 23 27 0 6 0
1650271320 23 28 0 6 0
1650281330 23 29 0 6 0
1650333164 24 29 0 6 0
1650334492 25 29 0 6 0
1650346301 25 30 0 6 0
1650346413 25 31 0 6 0
1650346849 26 31 0 6 0
1650347128 27 31 0 6 0
1650425377 27 32 0 6 0
1650425928 27 33 0 6 0
1650425981 28 33 0 6 0
1650433217 29 33 0 6 0
1650445972 29 34 0 6 0
1650446164 30 34 0 6 0
1650446663 31 34 0 6 0
1650541095 31 35 0 6 0
1650598130 32 35 0 6 0
1650598138 33 35 0 6 0
1650624679 33 36 0 6 0
1650852006 34 36 0 6 0
1651715047 34 37 0 6 0
1651717018 34 38 0 6 0
1651717533 34 39 0 6 0
1651720036 35 39 0 6 0
1651721268 36 39 0 6 0
1651802054 36 40 0 6 0
1651802145 36 41 0 6 0
1651804480 37 41 0 6 0
1651920464 37 42 0 6 0
1652266628 37 43 0 6 0
1652345008 37 44 0 6 0
1652346410 38 44 0 6 0
1652346418 39 44 0 6 0
1652421057 39 45 0 6 0
1652421230 39 46 0 6 0
1652421960 40 46 0 6 0
1652772287 40 47 0 6 0
1652772346 41 47 0 6 0
1652785162 41 48 0 6 0
1652843150 41 49 0 6 0
1652843202 42 49 0 6 0
1652871279 42 50 0 6 0
1652927746 42 51 0 6 0
1652927800 43 51 0 6 0
1652929338 43 52 0 6 0
1652929429 44 52 0 6 0
1652954015 44 53 0 6 0
1652955888 45 53 0 6 0
1653027659 45 54 0 6 0
1653028012 46 54 0 6 0
1653032132 46 55 0 6 0
1653032197 47 55 0 6 0
1653291449 47 56 0 6 0
1653291489 48 56 0 6 0
1653291643 49 56 0 6 0
1653619004 49 57 0 6 0
1653619179 50 57 0 6 0
1653619950 51 57 0 6 0
1654135908 51 58 0 6 0
1654136924 52 58 0 6 0
1654152575 53 58 0 6 0
1654165266 53 59 0 6 0
1654165304 54 59 0 6 0
1654773287 54 60 0 6 0
1654825881 55 60 0 6 0
1654858472 55 61 0 6 0
1655103845 55 62 0 6 0
1655104062 56 62 0 6 0
1655104172 57 62 0 6 0
1655115544 57 63 0 6 0
1655115597 58 63 0 6 0
1655199623 58 64 0 6 0
1655257943 59 64 0 6 0
1655258179 60 64 0 6 0
1655289293 60 65 0 6 0
1655290322 61 65 0 6 0
1655345773 62 65 0 6 0
1655430549 62 66 0 6 0
1655431223 63 66 0 6 0
1655433417 64 66 0 6 0
1655706736 64 67 0 6 0
1655707319 65 67 0 6 0
1655707326 66 67 0 6 0
1655949842 67 67 0 6 0
1655949849 68 67 0 6 0
1655969423 68 68 0 6 0
1655970569 69 68 0 6 0
1655970829 70 68 0 6 0
1656057091 70 69 0 6 0
1656067379 70 70 0 6 0
1656067663 71 70 0 6 0
1656295943 72 70 0 6 0
1656639517 72 71 0 6 0
1656639599 72 72 0 6 0
1656640683 73 72 0 6 0
1656669966 73 73 0 6 0
1656672756 74 73 0 6 0
1657271148 74 74 0 6 0
1657271209 75 74 0 6 0
1657519099 76 74 0 6 0
1657767081 76 75 0 6 0
1657767758 77 75 0 6 0
1657768838 78 75 0 6 0
1658129651 78 76 0 6 0
1658454128 78 77 0 6 0
1658714603 78 78 0 6 0
1658715905 78 79 0 6 0
1658718067 78 80 0 6 0
1658718458 79 80 0 6 0
1658733561 79 81 0 6 0
1658733631 80 81 0 6 0
1658805744 81 81 0 6 0
1658806596 81 82 0 6 0
1658905753 81 83 0 6 0
1658915909 81 84 0 6 0
1658919938 81 85 0 6 0
1658920012 81 86 0 6 0
1658974483 81 86 0 6 1
1658998384 81 87 0 6 1
1658998486 81 87 0 6 2
1659060179 81 87 0 6 3
1659060206 81 87 0 6 4
1659074216 81 88 0 6 4
1659074474 81 88 0 6 5
1659074482 81 88 0 6 6
1659075562 81 89 0 6 6
1659075643 81 90 0 6 6
1659091302 81 91 0 6 6
1659338397 81 92 0 6 6
1659338495 82 92 0 6 6
1659404606 83 92 0 6 6
1659408675 83 93 0 6 6
1659409289 83 94 0 6 6
1659437414 83 95 0 6 6
1659524068 83 96 0 6 6
1659598394 83 97 0 6 6
1659598443 84 97 0 6 6
1659599041 85 97 0 6 6
1659602840 86 97 0 6 6
1659696540 86 98 0 6 6
1659955838 86 99 0 6 6
1660042545 86 100 0 6 6
1660128844 86 101 0 6 6
1660208584 86 102 0 6 6
1660208800 86 103 0 6 6
1660208910 87 103 0 6 6
1660209581 87 104 0 6 6
1660269406 88 104 0 6 6
1660300018 88 105 0 6 6
1660717182 88 106 0 6 6
1660717831 88 107 0 6 6
1660717865 88 108 0 6 6
1660718292 88 109 0 6 6
1660718473 89 109 0 6 6
1660718485 90 109 0 6 6
1660719148 91 109 0 6 6
1660719155 92 109 0 6 6
1660732599 93 109 0 6 6
1660904741 93 110 0 6 6
1660906004 94 110 0 6 6
1661239155 94 111 0 6 6
1661240499 95 111 0 6 6
1661244577 95 112 0 6 6
1661244633 96 112 0 6 6
1661306300 97 112 0 6 6
1661309011 97 113 0 6 6
1661309224 98 113 0 6 6
1661311715 99 113 0 6 6
1661311722 100 113 0 6 6
1661311771 101 113 0 6 6
1661312189 101 114 0 6 6
1661312317 101 115 0 6 6
1661338081 101 116 0 6 6
1661510507 101 117 0 6 6
1661823760 102 117 0 6 6
1661823766 103 117 0 6 6
1661823905 103 118 0 6 6
1662430629 104 118 0 6 6
1662524936 104 119 0 6 6
1662529015 105 119 0 6 6
1662534581 106 119 0 6 6
1662534604 107 119 0 6 6
1662629394 107 120 0 6 6
1662630603 107 121 0 6 6
1662631404 108 121 0 6 6
1662688281 109 121 0 6 6
1663063348 110 121 0 6 6
1664268306 110 122 0 6 6
1664268608 111 122 0 6 6
1664271769 111 123 0 6 6
1664329136 112 123 0 6 6
1664333180 112 124 0 6 6
1664333309 113 124 0 6 6
1664334948 114 124 0 6 6
1664343775 114 125 0 6 6
1664343927 115 125 0 6 6
1664422099 116 125 0 6 6
1664508184 116 126 0 6 6
1665197550 117 126 0 6 6
1665283114 117 127 0 6 6
1665283529 117 128 0 6 6
1665283649 118 128 0 6 6
1665302504 118 129 0 6 6
1665303377 118 130 0 6 6
1665366776 118 131 0 6 6
1665392052 118 132 0 6 6
1665392238 118 133 0 6 6
1665392492 119 133 0 6 6
1665545283 120 133 0 6 6
1666072939 121 133 0 6 6
1666601829 121 134 0 6 6
1666602463 121 135 0 6 6
1666688500 122 135 0 6 6
1666688709 122 136 0 6 6
1666688864 123 136 0 6 6
1666748616 124 136 0 6 6
1666941303 124 137 0 6 6
1666944014 124 138 0 6 6
1666944712 125 138 0 6 6
1667271315 126 138 0 6 6
1667981144 126 139 0 6 6
1667989643 127 139 0 6 6
1668046226 128 139 0 6 6
1668047529 128 140 0 6 6
1668047597 128 141 0 6 6
1668059432 128 142 0 6 6
1668059489 129 142 0 6 6
1668131414 130 142 0 6 6
1668568504 131 142 0 6 6
1668594180 132 142 0 6 6
1668594194 133 142 0 6 6
1669804886 133 143 0 6 6
1669890775 133 144 0 6 6
1669977623 133 145 0 6 6
1669977896 134 145 0 6 6
1670226394 134 146 0 6 6
1670228291 135 146 0 6 6
1670314737 136 146 0 6 6
1670491348 136 147 0 6 6
1670571057 136 148 0 6 6
1670571299 137 148 0 6 6
1670580734 138 148 0 6 6
1690860840 139 148 0 6 6
1690868621 139 148 1 6 6
1690868691 140 148 1 6 6
1692669586 140 148 2 6 6
1692669667 141 148 2 6 6
1692673171 141 148 3 6 6
1692674857 142 148 3 6 6
1692755261 142 148 4 6 6
1692755707 143 148 4 6 6
1692755847 144 148 4 6 6
1692755885 145 148 4 6 6
1697076862 145 148 5 6 6
1697076989 145 148 6 6 6
1697077551 145 148 7 6 6
1697103565 146 148 7 6 6
1697162799 147 148 7 6 6
1697431558 148 148 7 6 6
