1617181130 33816
1618563810 50453
1618565681 50474
1619006150 51855
1620265640 56345
1620283904 56484
1620291018 56499
1620387295 56505
1620783464 56559
1621328997 58671
1621503677 58675
1621503814 58676
1621835379 59056
1621998229 58336
1622463649 57215
1622802361 57613
1623046336 57617
1623144466 57631
1623227427 57789
1623316349 58052
1623320561 58071
1623843128 58521
1623922651 57872
1624247511 57893
1624348686 57970
1624350527 57985
1624353256 57981
1624360868 57988
1624615987 58045
1624616395 58045
1624678296 58047
1624678390 58046
1624967240 57951
1625017459 57951
1625017544 57952
1625047468 57965
1625132143 57983
1625475980 58012
1625477313 58012
1625639587 58051
1625725553 58050
1625727402 58050
1626252067 42274
1626857576 42111
1626947682 42111
1628732420 42901
1630033417 44760
1630134018 44772
1630980454 45361
1632896902 45813
1633747617 46031
1635991535 44726
1637204350 44781
1637306950 44810
1639621959 45904
1640829851 62107
1645755487 62096
1647310738 46321
1653012840 46333
1657591555 46714
1660099467 46811
1686539607 65631
