1615879310 0 0 1 0 0 0
1615880756 0 0 2 0 0 0
1616050429 0 0 3 0 0 0
1616204127 0 0 4 0 0 0
1616205352 0 0 5 0 0 0
1616205406 0 0 6 0 0 0
1617240810 0 0 7 0 0 0
1617586583 0 0 8 0 0 0
1617887201 0 0 9 0 0 0
1618191909 0 0 10 0 0 0
1618277233 0 0 11 0 0 0
1618277669 0 0 12 0 0 0
1618450499 0 0 13 0 0 0
1618536985 0 0 14 0 0 0
1618537825 0 0 15 0 0 0
1618538095 0 0 16 0 0 0
1618540226 0 0 17 0 0 0
1618545228 0 0 18 0 0 0
1618545705 0 0 19 0 0 0
1618548829 0 0 20 0 0 0
1618549488 0 0 21 0 0 0
1618551024 0 0 22 0 0 0
1618552161 0 0 23 0 0 0
1618552263 0 0 24 0 0 0
1618552754 0 0 25 0 0 0
1618623962 0 0 26 0 0 0
1618655730 0 0 27 0 0 0
1618655887 0 0 28 0 0 0
1618884282 0 0 29 0 0 0
1618909182 0 0 30 0 0 0
1618970322 0 0 31 0 0 0
1619000791 0 0 32 0 0 0
1619008258 0 0 33 0 0 0
1619070993 0 0 34 0 0 0
1619147993 0 0 35 0 0 0
1619166376 0 0 36 0 0 0
1619351340 0 0 37 0 0 0
1619419876 0 0 38 0 0 0
1619488596 0 0 39 0 0 0
1619508556 0 0 40 0 0 0
1619512123 0 0 41 0 0 0
1619578098 0 0 42 0 0 0
1619598964 0 0 43 0 0 0
1620383735 0 0 44 0 0 0
1620392298 0 0 45 0 0 0
1620473082 0 0 46 0 0 0
1620735908 0 0 47 0 0 0
1620825154 0 0 48 0 0 0
1620870265 0 0 49 0 0 0
1620887459 0 0 50 0 0 0
1620910726 0 0 51 0 0 0
1620978274 0 0 52 0 0 0
1620986224 0 0 53 0 0 0
1621239449 0 0 54 0 0 0
1621257321 0 0 55 0 0 0
1621333024 0 0 56 0 0 0
1621339727 0 0 57 0 0 0
1621416225 0 0 58 0 0 0
1621416427 0 0 59 0 0 0
1621418166 0 0 60 0 0 0
1621510539 0 0 61 0 0 0
1621592723 0 0 62 0 0 0
1621599702 0 0 63 0 0 0
1621820904 0 0 64 0 0 0
1621846980 0 0 65 0 0 0
1621859849 0 0 66 0 0 0
1621926272 0 0 67 0 0 0
1621936627 0 0 68 0 0 0
1621941820 0 0 69 0 0 0
1622000332 0 0 70 0 0 0
1622020460 0 0 71 0 0 0
1622079495 0 0 72 0 0 0
1622103124 0 0 73 0 0 0
1622117229 0 0 74 0 0 0
1622197718 0 0 75 0 0 0
1622267373 0 0 76 0 0 0
1622276477 0 0 77 0 0 0
1622286833 0 0 78 0 0 0
1622286944 0 0 79 0 0 0
1622527549 0 0 80 0 0 0
1622530238 0 0 81 0 0 0
1622533440 0 0 82 0 0 0
1622536525 0 0 83 0 0 0
1622539302 0 0 84 0 0 0
1622548806 0 0 85 0 0 0
1622549040 0 0 86 0 0 0
1622551246 0 0 87 0 0 0
1622551474 0 0 88 0 0 0
1622551675 0 0 89 0 0 0
1622551822 0 0 90 0 0 0
1622551939 0 0 91 0 0 0
1622552034 0 0 92 0 0 0
1622552220 0 0 93 0 0 0
1622553661 0 0 94 0 0 0
1622598943 0 0 95 0 0 0
1622603033 0 0 96 0 0 0
1622603059 0 0 97 0 0 0
1622612080 0 0 98 0 0 0
1622612175 0 0 99 0 0 0
1622613560 0 0 100 0 0 0
1622623187 0 0 101 0 0 0
1622623730 0 0 102 0 0 0
1622636622 0 0 103 0 0 0
1622637408 0 0 104 0 0 0
1622708780 0 0 105 0 0 0
1622720698 0 0 106 0 0 0
1622792182 0 0 107 0 0 0
1622797200 0 0 108 0 0 0
1622798406 0 0 109 0 0 0
1623045434 0 0 110 0 0 0
1623145206 0 0 111 0 0 0
1623149531 0 0 112 0 0 0
1623229276 0 0 113 0 0 0
1623293341 0 0 114 0 0 0
1623313859 0 0 115 0 0 0
1623318445 0 0 116 0 0 0
1623318930 0 0 117 0 0 0
1623401275 0 0 118 0 0 0
1623813991 0 0 119 0 0 0
1623831607 0 0 120 0 0 0
1623839783 0 0 121 0 0 0
1623847146 0 0 122 0 0 0
1623899069 0 0 123 0 0 0
1623921435 0 0 124 0 0 0
1623983424 0 0 125 0 0 0
1624010472 0 0 126 0 0 0
1624279383 0 0 127 0 0 0
1624364513 0 0 128 0 0 0
1624441308 0 0 129 0 0 0
1624448131 0 0 130 0 0 0
1624505192 0 0 131 0 0 0
1624536409 0 0 132 0 0 0
1624616231 0 0 133 0 0 0
1624622407 0 0 134 0 0 0
1624674565 0 0 135 0 0 0
1624679650 0 0 135 1 0 0
1624679902 1 0 135 1 0 0
1624680126 2 0 135 1 0 0
1624695397 2 0 136 1 0 0
1624695449 2 0 137 1 0 0
1624700236 3 0 137 1 0 0
1624700421 3 0 138 1 0 0
1624700471 3 0 139 1 0 0
1624700743 4 0 139 1 0 0
1624700934 4 0 140 1 0 0
1624701024 4 0 141 1 0 0
1624704153 5 0 141 1 0 0
1624707006 5 0 142 1 0 0
1624707018 6 0 142 1 0 0
1624707040 6 0 143 1 0 0
1624725469 7 0 143 1 0 0
1624725924 8 0 143 1 0 0
1624726825 9 0 143 1 0 0
1624727579 10 0 143 1 0 0
1624727927 11 0 143 1 0 0
1624729684 12 0 143 1 0 0
1624730670 13 0 143 1 0 0
1624876109 13 0 144 1 0 0
1624876154 13 0 145 1 0 0
1624962400 13 0 146 1 0 0
1624962428 13 0 147 1 0 0
1625046070 13 0 148 1 0 0
1625047238 13 0 149 1 0 0
1625048843 13 0 150 1 0 0
1625054219 13 0 151 1 0 0
1625206451 13 0 152 1 0 0
1625213367 13 0 153 1 0 0
1625217649 13 0 154 1 0 0
1625465016 13 0 155 1 0 0
1625562074 13 0 156 1 0 0
1625571432 13 0 157 1 0 0
1625652544 13 0 158 1 0 0
1625743240 13 0 159 1 0 0
1625817506 13 0 160 1 0 0
1626079783 13 0 161 1 0 0
1626160803 13 0 162 1 0 0
1626172564 13 0 163 1 0 0
1626230660 13 0 164 1 0 0
1626265784 13 0 165 1 0 0
1626331012 13 0 166 1 0 0
1626429829 13 0 167 1 0 0
1626750686 13 0 167 1 0 0
1626752717 13 0 167 1 0 0
1626848228 13 0 167 1 0 0
1626852950 13 0 167 1 0 0
1626856548 13 0 167 1 0 0
1626858093 13 0 167 1 0 0
1626858499 13 0 167 1 0 0
1626860295 13 0 167 1 0 0
1626863855 13 0 167 1 0 0
1626865461 13 0 167 1 0 0
1626865728 13 0 167 1 0 0
1626865948 13 0 167 1 0 0
1626869098 13 0 167 1 0 0
1627021859 13 0 167 1 0 0
1627036284 13 0 167 1 0 0
1627038845 13 0 167 1 0 0
1627116155 13 0 167 1 0 0
1627356058 13 0 167 1 0 0
1627443249 13 0 167 1 0 0
1627451402 13 0 167 1 0 0
1627454623 13 0 167 1 0 0
1627471515 13 0 167 1 0 0
1627993255 13 0 167 1 0 0
1628160044 13 0 167 1 0 0
1628161274 13 0 167 1 0 0
1628246791 13 0 167 1 0 0
1628499724 13 0 167 1 0 0
1628587429 13 0 167 1 0 0
1628595437 13 0 167 1 0 0
1628678170 13 0 167 1 0 0
1628678776 13 0 167 1 0 0
1629105673 13 0 167 1 0 0
1629166556 13 0 167 1 0 0
1629167524 14 0 167 1 0 0
1629167752 15 0 167 1 0 0
1629341708 16 0 167 1 0 0
1629682846 16 0 167 1 0 0
1629686737 17 0 167 1 0 0
1629686773 18 0 167 1 0 0
1629776749 18 0 167 1 0 0
1629777636 19 0 167 1 0 0
1629777690 20 0 167 1 0 0
1629803495 20 0 167 1 0 0
1629804885 20 0 167 1 0 0
1629804999 21 0 167 1 0 0
1629805036 22 0 167 1 0 0
1629863059 22 0 167 1 0 0
1629869330 23 0 167 1 0 0
1629869380 24 0 167 1 0 0
1629874368 24 0 167 1 0 0
1629875189 25 0 167 1 0 0
1629875238 26 0 167 1 0 0
1629876386 26 0 167 1 0 0
1629879478 26 0 167 1 0 0
1629879632 27 0 167 1 0 0
1629879690 28 0 167 1 0 0
1629889208 28 0 167 1 0 0
1629889294 29 0 167 1 0 0
1629889337 30 0 167 1 0 0
1630031153 30 0 167 1 0 0
1630050757 30 0 167 1 0 0
1630050897 31 0 167 1 0 0
1630051673 32 0 167 1 0 0
1630051719 33 0 167 1 0 0
1630055451 33 0 167 1 0 0
1630055715 34 0 167 1 0 0
1630056020 35 0 167 1 0 0
1630056072 36 0 167 1 0 0
1630465029 36 0 167 1 0 0
1630482224 36 0 167 1 0 0
1630482401 37 0 167 1 0 0
1630482443 38 0 167 1 0 0
1630496762 38 0 167 1 0 0
1630497077 39 0 167 1 0 0
1630497084 40 0 167 1 0 0
1630497122 41 0 167 1 0 0
1630572261 41 0 167 1 0 0
1630574807 41 0 167 1 0 0
1630575291 42 0 167 1 0 0
1630575344 43 0 167 1 0 0
1630916949 43 0 167 1 0 0
1630917598 44 0 167 1 0 0
1630917738 45 0 167 1 0 0
1631184572 45 1 167 1 0 0
1631184674 46 1 167 1 0 0
1631184702 47 1 167 1 0 0
1631243240 47 2 167 1 0 0
1631243412 47 3 167 1 0 0
1631243711 47 4 167 1 0 0
1631243934 47 5 167 1 0 0
1631244427 47 6 167 1 0 0
1631244691 47 7 167 1 0 0
1631244841 47 8 167 1 0 0
1631245068 47 9 167 1 0 0
1631245169 47 10 167 1 0 0
1631245461 47 11 167 1 0 0
1631245682 47 12 167 1 0 0
1631245988 47 13 167 1 0 0
1631246119 47 14 167 1 0 0
1631246238 47 15 167 1 0 0
1631248152 47 16 167 1 0 0
1631249357 47 17 167 1 0 0
1631249918 47 18 167 1 0 0
1631250341 47 19 167 1 0 0
1631250445 47 20 167 1 0 0
1631252282 47 21 167 1 0 0
1631252433 47 22 167 1 0 0
1631252756 47 23 167 1 0 0
1631252883 47 24 167 1 0 0
1631253254 47 25 167 1 0 0
1631253533 47 26 167 1 0 0
1631253953 47 27 167 1 0 0
1631254745 47 28 167 1 0 0
1631254838 47 29 167 1 0 0
1631255127 47 30 167 1 0 0
1631255501 47 31 167 1 0 0
1631255618 47 32 167 1 0 0
1631255904 47 33 167 1 0 0
1631256022 47 34 167 1 0 0
1631256314 47 35 167 1 0 0
1631257553 47 36 167 1 0 0
1631257801 47 37 167 1 0 0
1631258286 47 38 167 1 0 0
1631259005 47 39 167 1 0 0
1631260041 47 40 167 1 0 0
1631261112 47 41 167 1 0 0
1631585831 47 41 167 2 0 0
1631586298 47 41 167 3 0 0
1631586467 47 41 167 4 0 0
1631586588 47 41 167 5 0 0
1631586780 47 41 167 6 0 0
1631588802 47 41 167 7 0 0
1631588898 47 41 167 8 0 0
1631589064 47 41 167 9 0 0
1631591839 47 41 167 10 0 0
1631592924 47 41 167 11 0 0
1631610082 48 41 167 11 0 0
1631610117 49 41 167 11 0 0
1631615036 49 42 167 11 0 0
1631615182 50 42 167 11 0 0
1631615762 51 42 167 11 0 0
1631615771 52 42 167 11 0 0
1631671897 52 43 167 11 0 0
1631674957 53 43 167 11 0 0
1631674996 54 43 167 11 0 0
1631700081 54 44 167 11 0 0
1631701669 55 44 167 11 0 0
1631701696 56 44 167 11 0 0
1631792008 56 45 167 11 0 0
1631847062 57 45 167 11 0 0
1631847114 58 45 167 11 0 0
1632449329 58 45 167 12 0 0
1632452266 58 45 167 13 0 0
1632455432 58 45 167 14 0 0
1632456433 58 45 167 15 0 0
1632461879 58 45 167 16 0 0
1632462458 58 45 167 17 0 0
1632463323 58 45 167 18 0 0
1632463373 59 45 167 18 0 0
1632463414 60 45 167 18 0 0
1632463994 60 45 167 19 0 0
1632464051 61 45 167 19 0 0
1632464289 61 45 167 20 0 0
1632464340 62 45 167 20 0 0
1632464513 63 45 167 20 0 0
1632637159 63 46 167 20 0 0
1632638684 64 46 167 20 0 0
1633690103 64 47 167 20 0 0
1633690356 65 47 167 20 0 0
1633690395 66 47 167 20 0 0
1634038587 66 48 167 20 0 0
1634090437 67 48 167 20 0 0
1634090469 68 48 167 20 0 0
1634115721 68 49 167 20 0 0
1634117274 69 49 167 20 0 0
1634117309 70 49 167 20 0 0
1634190419 70 50 167 20 0 0
1634190667 71 50 167 20 0 0
1634190677 72 50 167 20 0 0
1634191755 73 50 167 20 0 0
1634635738 73 50 167 21 0 0
1634636233 73 50 167 22 0 0
1634636262 74 50 167 22 0 0
1634636293 75 50 167 22 0 0
1634697954 75 50 167 23 0 0
1634698107 76 50 167 23 0 0
1634698154 77 50 167 23 0 0
1635241615 77 51 167 23 0 0
1635241702 78 51 167 23 0 0
1635241737 79 51 167 23 0 0
1635495254 79 52 167 23 0 0
1635495321 80 52 167 23 0 0
1635495345 81 52 167 23 0 0
1635822920 81 53 167 23 0 0
1635823094 82 53 167 23 0 0
1635823125 83 53 167 23 0 0
1635922793 83 54 167 23 0 0
1635922907 84 54 167 23 0 0
1635922945 85 54 167 23 0 0
1636100763 85 55 167 23 0 0
1636100918 86 55 167 23 0 0
1636100948 87 55 167 23 0 0
1636107706 87 56 167 23 0 0
1636107795 88 56 167 23 0 0
1636107833 89 56 167 23 0 0
1636353140 89 57 167 23 0 0
1636353893 90 57 167 23 0 0
1636353933 91 57 167 23 0 0
1636426579 91 58 167 23 0 0
1636441759 91 59 167 23 0 0
1636443120 92 59 167 23 0 0
1636443162 93 59 167 23 0 0
1636443817 93 60 167 23 0 0
1636532780 93 61 167 23 0 0
1636532876 94 61 167 23 0 0
1636532915 95 61 167 23 0 0
1636544639 95 62 167 23 0 0
1636544875 96 62 167 23 0 0
1636544901 97 62 167 23 0 0
1636621428 97 63 167 23 0 0
1636621512 98 63 167 23 0 0
1636621552 99 63 167 23 0 0
1636629998 99 64 167 23 0 0
1636630077 100 64 167 23 0 0
1636630104 101 64 167 23 0 0
1637044925 101 65 167 23 0 0
1637049895 102 65 167 23 0 0
1637049930 103 65 167 23 0 0
1637216600 103 66 167 23 0 0
1637216689 104 66 167 23 0 0
1637216715 105 66 167 23 0 0
1637220521 105 67 167 23 0 0
1637222572 106 67 167 23 0 0
1637222607 107 67 167 23 0 0
1637224065 108 67 167 23 0 0
1637224071 109 67 167 23 0 0
1637224471 110 67 167 23 0 0
1637225764 110 68 167 23 0 0
1637225976 111 68 167 23 0 0
1637232542 112 68 167 23 0 0
1637232584 113 68 167 23 0 0
1637315090 113 69 167 23 0 0
1637319454 113 70 167 23 0 0
1637319530 114 70 167 23 0 0
1637319565 115 70 167 23 0 0
1637749699 115 71 167 23 0 0
1637749941 116 71 167 23 0 0
1637749971 117 71 167 23 0 0
1637808986 117 72 167 23 0 0
1637809960 118 72 167 23 0 0
1637809988 119 72 167 23 0 0
1637834709 119 73 167 23 0 0
1637834830 120 73 167 23 0 0
1637834863 121 73 167 23 0 0
1637914074 121 74 167 23 0 0
1637916736 122 74 167 23 0 0
1637916764 123 74 167 23 0 0
1638423984 123 75 167 23 0 0
1638425445 124 75 167 23 0 0
1638425593 125 75 167 23 0 0
1638425636 126 75 167 23 0 0
1638955627 126 76 167 23 0 0
1638955803 127 76 167 23 0 0
1638955834 128 76 167 23 0 0
1639046617 128 77 167 23 0 0
1639046952 129 77 167 23 0 0
1639046978 130 77 167 23 0 0
1639387246 130 78 167 23 0 0
1639392586 131 78 167 23 0 0
1639392613 132 78 167 23 0 0
1639476263 132 79 167 23 0 0
1639478858 133 79 167 23 0 0
1639478888 134 79 167 23 0 0
1639549572 135 79 167 23 0 0
1639549618 136 79 167 23 0 0
1639551004 136 79 167 24 0 0
1639551683 137 79 167 24 0 0
1640078692 137 80 167 24 0 0
1640138297 138 80 167 24 0 0
1640138324 139 80 167 24 0 0
1640601322 139 81 167 24 0 0
1640601394 140 81 167 24 0 0
1640601418 141 81 167 24 0 0
1640770148 141 82 167 24 0 0
1640770245 142 82 167 24 0 0
1640770284 143 82 167 24 0 0
1640836512 143 83 167 24 0 0
1640836786 144 83 167 24 0 0
1640861517 144 84 167 24 0 0
1640861562 145 84 167 24 0 0
1640861600 146 84 167 24 0 0
1640861625 147 84 167 24 0 0
1643005146 147 85 167 24 0 0
1643005350 148 85 167 24 0 0
1643005380 149 85 167 24 0 0
1643019885 149 86 167 24 0 0
1643020174 150 86 167 24 0 0
1643020206 151 86 167 24 0 0
1643092435 151 86 167 25 0 0
1643094368 151 86 167 26 0 0
1643094474 152 86 167 26 0 0
1643094506 153 86 167 26 0 0
1643104556 153 87 167 26 0 0
1643104674 154 87 167 26 0 0
1643104699 155 87 167 26 0 0
1643252255 155 88 167 26 0 0
1643252496 156 88 167 26 0 0
1643252615 157 88 167 26 0 0
1643252638 158 88 167 26 0 0
1644300267 158 89 167 26 0 0
1644318143 159 89 167 26 0 0
1644318173 160 89 167 26 0 0
1644463211 161 89 167 26 0 0
1644463281 162 89 167 26 0 0
1644803984 162 90 167 26 0 0
1644893149 162 91 167 26 0 0
1644893395 163 91 167 26 0 0
1644893460 164 91 167 26 0 0
1644921237 164 92 167 26 0 0
1644921310 165 92 167 26 0 0
1644921343 166 92 167 26 0 0
1645068813 166 93 167 26 0 0
1645068999 166 94 167 26 0 0
1645069345 166 95 167 26 0 0
1645069409 167 95 167 26 0 0
1645069439 168 95 167 26 0 0
1645070003 168 96 167 26 0 0
1645070062 169 96 167 26 0 0
1645079635 169 97 167 26 0 0
1645080192 170 97 167 26 0 0
1645080231 171 97 167 26 0 0
1645085099 171 98 167 26 0 0
1645085714 172 98 167 26 0 0
1645085758 173 98 167 26 0 0
1645085792 174 98 167 26 0 0
1645425950 174 99 167 26 0 0
1645442034 175 99 167 26 0 0
1645442040 176 99 167 26 0 0
1645497372 177 99 167 26 0 0
1645670182 178 99 167 26 0 0
1646129667 178 100 167 26 0 0
1646129867 179 100 167 26 0 0
1646202073 180 100 167 26 0 0
1646217149 180 101 167 26 0 0
1646218749 181 101 167 26 0 0
1646300582 181 102 167 26 0 0
1646301059 182 102 167 26 0 0
1646301075 183 102 167 26 0 0
1646303760 183 103 167 26 0 0
1646303841 184 103 167 26 0 0
1646372398 185 103 167 26 0 0
1646638978 185 104 167 26 0 0
1646639105 186 104 167 26 0 0
1646709092 187 104 167 26 0 0
1646721611 188 104 167 26 0 0
1646811050 188 105 167 26 0 0
1646813374 189 105 167 26 0 0
1646899815 190 105 167 26 0 0
1647597635 190 106 167 26 0 0
1647597695 190 107 167 26 0 0
1647597741 190 108 167 26 0 0
1647597882 191 108 167 26 0 0
1647832536 192 108 167 26 0 0
1647920140 193 108 167 26 0 0
1648442025 193 109 167 26 0 0
1648446557 194 109 167 26 0 0
1648539522 195 109 167 26 0 0
1648619942 195 110 167 26 0 0
1648620086 195 110 167 26 1 0
1648722193 195 111 167 26 1 0
1648722333 195 112 167 26 1 0
1648722538 196 112 167 26 1 0
1648807147 196 113 167 26 1 0
1648807251 197 113 167 26 1 0
1648879990 198 113 167 26 1 0
1648890724 198 114 167 26 1 0
1648890905 198 115 167 26 1 0
1648891028 199 115 167 26 1 0
1649309644 199 116 167 26 1 0
1649309805 200 116 167 26 1 0
1649309810 201 116 167 26 1 0
1649310175 202 116 167 26 1 0
1649383930 203 116 167 26 1 0
1650967105 203 117 167 26 1 0
1650967239 204 117 167 26 1 0
1651030776 204 118 167 26 1 0
1651031110 205 118 167 26 1 0
1651141662 205 119 167 26 1 0
1651142174 205 120 167 26 1 0
1651142860 206 120 167 26 1 0
1651197661 207 120 167 26 1 0
1651747225 207 121 167 26 1 0
1651747283 208 121 167 26 1 0
1651807803 209 121 167 26 1 0
1651893541 210 121 167 26 1 0
1652068506 210 122 167 26 1 0
1652068743 211 122 167 26 1 0
1652079175 211 123 167 26 1 0
1652079549 211 124 167 26 1 0
1652079770 212 124 167 26 1 0
1652092525 212 125 167 26 1 0
1652092684 213 125 167 26 1 0
1652167349 213 126 167 26 1 0
1652167468 214 126 167 26 1 0
1652170541 215 126 167 26 1 0
1652343745 215 127 167 26 1 0
1652343834 215 128 167 26 1 0
1652344359 216 128 167 26 1 0
1652409809 217 128 167 26 1 0
1652423270 217 129 167 26 1 0
1652423465 218 129 167 26 1 0
1652435981 218 130 167 26 1 0
1652436104 219 130 167 26 1 0
1652669339 220 130 167 26 1 0
1652688942 220 131 167 26 1 0
1652689413 221 131 167 26 1 0
1652698391 221 132 167 26 1 0
1652698646 222 132 167 26 1 0
1652783753 222 133 167 26 1 0
1652783927 223 133 167 26 1 0
1652843444 223 133 167 26 1 0
1652853069 224 133 167 26 1 0
1652928097 225 133 167 26 1 0
1653018084 225 134 167 26 1 0
1653018119 225 135 167 26 1 0
1653018246 226 135 167 26 1 0
1653035215 227 135 167 26 1 0
1653040189 227 136 167 26 1 0
1653041842 228 136 167 26 1 0
1653042216 229 136 167 26 1 0
1654503815 229 137 167 26 1 0
1654503924 230 137 167 26 1 0
1654504022 230 137 167 26 1 0
1654568139 231 137 167 26 1 0
1655346914 232 137 167 26 1 0
1655459498 232 138 167 26 1 0
1655459671 233 138 167 26 1 0
1655881634 234 138 167 26 1 0
1655886748 234 139 167 26 1 0
1655886916 235 139 167 26 1 0
1655889400 235 140 167 26 1 0
1655889759 235 141 167 26 1 0
1655890397 236 141 167 26 1 0
1655962605 237 141 167 26 1 0
1657101099 237 142 167 26 1 0
1657101213 238 142 167 26 1 0
1657172564 239 142 167 26 1 0
1657852010 239 142 167 26 1 1
1657852044 239 142 167 26 1 2
1657875874 239 143 167 26 1 2
1657876180 240 143 167 26 1 2
1658137355 240 144 167 26 1 2
1658138222 240 145 167 26 1 2
1658139632 241 145 167 26 1 2
1658197815 242 145 167 26 1 2
1658211435 242 146 167 26 1 2
1658211550 243 146 167 26 1 2
1658282931 244 146 167 26 1 2
1658301504 244 147 167 26 1 2
1658301729 244 148 167 26 1 2
1658302147 245 148 167 26 1 2
1658309467 245 149 167 26 1 2
1658309612 246 149 167 26 1 2
1658371292 246 150 167 26 1 2
1658372446 247 150 167 26 1 2
1658373294 247 151 167 26 1 2
1658374232 247 152 167 26 1 2
1658374814 247 153 167 26 1 2
1658375661 247 154 167 26 1 2
1658382883 247 155 167 26 1 2
1658383477 247 156 167 26 1 2
1658385106 247 157 167 26 1 2
1658385756 247 158 167 26 1 2
1658387066 247 159 167 26 1 2
1658388059 247 160 167 26 1 2
1658388984 247 161 167 26 1 2
1658389620 247 162 167 26 1 2
1658390557 247 163 167 26 1 2
1658392194 248 163 167 26 1 2
1658392229 249 163 167 26 1 2
1658397913 249 164 167 26 1 2
1658397974 250 164 167 26 1 2
1658400256 251 164 167 26 1 2
1658889954 251 164 167 26 2 2
1658912025 251 165 167 26 2 2
1659435787 251 166 167 26 2 2
1659436131 252 166 167 26 2 2
1659508589 253 166 167 26 2 2
1659521971 253 167 167 26 2 2
1659522047 254 167 167 26 2 2
1659581170 255 167 167 26 2 2
1659603926 255 168 167 26 2 2
1659603986 256 168 167 26 2 2
1659606053 256 169 167 26 2 2
1659606279 257 169 167 26 2 2
1659681163 257 170 167 26 2 2
1659684066 258 170 167 26 2 2
1659691464 259 170 167 26 2 2
1660271405 260 170 167 26 2 2
1660271661 261 170 167 26 2 2
1660292447 261 171 167 26 2 2
1660292758 262 171 167 26 2 2
1660292785 263 171 167 26 2 2
1660542490 263 172 167 26 2 2
1660546857 264 172 167 26 2 2
1660547102 265 172 167 26 2 2
1660549694 266 172 167 26 2 2
1667384478 266 173 167 26 2 2
1667385232 267 173 167 26 2 2
1667454060 268 173 167 26 2 2
1667471430 268 174 167 26 2 2
1667471574 269 174 167 26 2 2
1667471779 270 174 167 26 2 2
1667528878 271 174 167 26 2 2
1670481022 271 175 167 26 2 2
1670481072 271 176 167 26 2 2
1670481307 272 176 167 26 2 2
1670566106 273 176 167 26 2 2
1670566124 274 176 167 26 2 2
1670834783 274 177 167 26 2 2
1670834920 275 177 167 26 2 2
1670899860 276 177 167 26 2 2
1675306047 277 177 167 26 2 2
1686038018 277 178 167 26 2 2
1686038639 277 179 167 26 2 2
1686040071 278 179 167 26 2 2
1686116986 279 179 167 26 2 2
1686191785 279 180 167 26 2 2
1686192052 279 181 167 26 2 2
1686192660 280 181 167 26 2 2
1686276917 281 181 167 26 2 2
1686640365 282 181 167 26 2 2
1687153682 282 182 167 26 2 2
1687153840 283 182 167 26 2 2
1687240640 284 182 167 26 2 2
1687315750 285 182 167 26 2 2
1689927614 285 183 167 26 2 2
1689928714 286 183 167 26 2 2
1690168426 286 183 167 26 3 2
1692268528 286 184 167 26 3 2
1692268672 287 184 167 26 3 2
1692324711 288 184 167 26 3 2
1692351450 288 185 167 26 3 2
1692351590 289 185 167 26 3 2
1692611696 289 186 167 26 3 2
1692611920 290 186 167 26 3 2
1692670513 291 186 167 26 3 2
1692698888 291 187 167 26 3 2
1692699104 292 187 167 26 3 2
1692757249 293 187 167 26 3 2
1692786115 293 188 167 26 3 2
1692786180 294 188 167 26 3 2
1692858760 295 188 167 26 3 2
1693392356 295 189 167 26 3 2
1693392814 296 189 167 26 3 2
1693449602 297 189 167 26 3 2
1693461522 297 190 167 26 3 2
1693477732 297 191 167 26 3 2
1693477894 298 191 167 26 3 2
1693535245 299 191 167 26 3 2
1693555123 299 192 167 26 3 2
1693555193 300 192 167 26 3 2
1693793435 301 192 167 26 3 2
1694065525 302 192 167 26 3 2
1694078625 302 193 167 26 3 2
