1615879310 0 0 1308 0 0 0
1615880756 0 0 1316 0 0 0
1616050429 0 0 21998 0 0 0
1616204127 0 0 24074 0 0 0
1616205352 0 0 24104 0 0 0
1616205406 0 0 30538 0 0 0
1617240810 0 0 89728 0 0 0
1617586583 0 0 94940 0 0 0
1617887201 0 0 101023 0 0 0
1618191909 0 0 103640 0 0 0
1618277233 0 0 116110 0 0 0
1618277669 0 0 116110 0 0 0
1618450499 0 0 118191 0 0 0
1618536985 0 0 119213 0 0 0
1618537825 0 0 119217 0 0 0
1618538095 0 0 119239 0 0 0
1618540226 0 0 119239 0 0 0
1618545228 0 0 134733 0 0 0
1618545705 0 0 134733 0 0 0
1618548829 0 0 134733 0 0 0
1618549488 0 0 134788 0 0 0
1618551024 0 0 134788 0 0 0
1618552161 0 0 134793 0 0 0
1618552263 0 0 134793 0 0 0
1618552754 0 0 134793 0 0 0
1618623962 0 0 135758 0 0 0
1618655730 0 0 137046 0 0 0
1618655887 0 0 137048 0 0 0
1618884282 0 0 152172 0 0 0
1618909182 0 0 164315 0 0 0
1618970322 0 0 164718 0 0 0
1619000791 0 0 165735 0 0 0
1619008258 0 0 165795 0 0 0
1619070993 0 0 165909 0 0 0
1619147993 0 0 166086 0 0 0
1619166376 0 0 166984 0 0 0
1619351340 0 0 169139 0 0 0
1619419876 0 0 171188 0 0 0
1619488596 0 0 172173 0 0 0
1619508556 0 0 172507 0 0 0
1619512123 0 0 172602 0 0 0
1619578098 0 0 172988 0 0 0
1619598964 0 0 174025 0 0 0
1620383735 0 0 180197 0 0 0
1620392298 0 0 181062 0 0 0
1620473082 0 0 182457 0 0 0
1620735908 0 0 184629 0 0 0
1620825154 0 0 185504 0 0 0
1620870265 0 0 185511 0 0 0
1620887459 0 0 185745 0 0 0
1620910726 0 0 186206 0 0 0
1620978274 0 0 186276 0 0 0
1620986224 0 0 186502 0 0 0
1621239449 0 0 212750 0 0 0
1621257321 0 0 213263 0 0 0
1621333024 0 0 213877 0 0 0
1621339727 0 0 214067 0 0 0
1621416225 0 0 214326 0 0 0
1621416427 0 0 214330 0 0 0
1621418166 0 0 214334 0 0 0
1621510539 0 0 218482 0 0 0
1621592723 0 0 226768 0 0 0
1621599702 0 0 226827 0 0 0
1621820904 0 0 226859 0 0 0
1621846980 0 0 226946 0 0 0
1621859849 0 0 226999 0 0 0
1621926272 0 0 227039 0 0 0
1621936627 0 0 227141 0 0 0
1621941820 0 0 227141 0 0 0
1622000332 0 0 227422 0 0 0
1622020460 0 0 227488 0 0 0
1622079495 0 0 227488 0 0 0
1622103124 0 0 227725 0 0 0
1622117229 0 0 227893 0 0 0
1622197718 0 0 228005 0 0 0
1622267373 0 0 228112 0 0 0
1622276477 0 0 228134 0 0 0
1622286833 0 0 228278 0 0 0
1622286944 0 0 228278 0 0 0
1622527549 0 0 229329 0 0 0
1622530238 0 0 229343 0 0 0
1622533440 0 0 229343 0 0 0
1622536525 0 0 229343 0 0 0
1622539302 0 0 229393 0 0 0
1622548806 0 0 229393 0 0 0
1622549040 0 0 229393 0 0 0
1622551246 0 0 229433 0 0 0
1622551474 0 0 229433 0 0 0
1622551675 0 0 229439 0 0 0
1622551822 0 0 229448 0 0 0
1622551939 0 0 229448 0 0 0
1622552034 0 0 229448 0 0 0
1622552220 0 0 229456 0 0 0
1622553661 0 0 229456 0 0 0
1622598943 0 0 229458 0 0 0
1622603033 0 0 229461 0 0 0
1622603059 0 0 229461 0 0 0
1622612080 0 0 229478 0 0 0
1622612175 0 0 229479 0 0 0
1622613560 0 0 229479 0 0 0
1622623187 0 0 229786 0 0 0
1622623730 0 0 229802 0 0 0
1622636622 0 0 229802 0 0 0
1622637408 0 0 229826 0 0 0
1622708780 0 0 230849 0 0 0
1622720698 0 0 230877 0 0 0
1622792182 0 0 231154 0 0 0
1622797200 0 0 231169 0 0 0
1622798406 0 0 231172 0 0 0
1623045434 0 0 231337 0 0 0
1623145206 0 0 232459 0 0 0
1623149531 0 0 232484 0 0 0
1623229276 0 0 233048 0 0 0
1623293341 0 0 233253 0 0 0
1623313859 0 0 233417 0 0 0
1623318445 0 0 233421 0 0 0
1623318930 0 0 233421 0 0 0
1623401275 0 0 233973 0 0 0
1623813991 0 0 234793 0 0 0
1623831607 0 0 234998 0 0 0
1623839783 0 0 235120 0 0 0
1623847146 0 0 235185 0 0 0
1623899069 0 0 235187 0 0 0
1623921435 0 0 235216 0 0 0
1623983424 0 0 235239 0 0 0
1624010472 0 0 235311 0 0 0
1624279383 0 0 235415 0 0 0
1624364513 0 0 235967 0 0 0
1624441308 0 0 236155 0 0 0
1624448131 0 0 236270 0 0 0
1624505192 0 0 236291 0 0 0
1624536409 0 0 236472 0 0 0
1624616231 0 0 236594 0 0 0
1624622407 0 0 236608 0 0 0
1624674565 0 0 236683 0 0 0
1624679650 0 0 236683 32 0 0
1624679902 2 0 236683 32 0 0
1624680126 4 0 236683 32 0 0
1624695397 4 0 236775 32 0 0
1624695449 4 0 236775 32 0 0
1624700236 49 0 236775 32 0 0
1624700421 49 0 236822 32 0 0
1624700471 49 0 236822 32 0 0
1624700743 51 0 236822 32 0 0
1624700934 51 0 236828 32 0 0
1624701024 51 0 236828 32 0 0
1624704153 53 0 236828 32 0 0
1624707006 53 0 236857 32 0 0
1624707018 62 0 236857 32 0 0
1624707040 62 0 236857 32 0 0
1624725469 63 0 236857 32 0 0
1624725924 64 0 236857 32 0 0
1624726825 74 0 236857 32 0 0
1624727579 75 0 236857 32 0 0
1624727927 76 0 236857 32 0 0
1624729684 79 0 236857 32 0 0
1624730670 80 0 236857 32 0 0
1624876109 80 0 237579 32 0 0
1624876154 80 0 237579 32 0 0
1624962400 80 0 237944 32 0 0
1624962428 80 0 237944 32 0 0
1625046070 80 0 238085 32 0 0
1625047238 80 0 238085 32 0 0
1625048843 80 0 238090 32 0 0
1625054219 80 0 238243 32 0 0
1625206451 80 0 238352 32 0 0
1625213367 80 0 238370 32 0 0
1625217649 80 0 238374 32 0 0
1625465016 80 0 238391 32 0 0
1625562074 80 0 238394 32 0 0
1625571432 80 0 238409 32 0 0
1625652544 80 0 238419 32 0 0
1625743240 80 0 238433 32 0 0
1625817506 80 0 238450 32 0 0
1626079783 80 0 238478 32 0 0
1626160803 80 0 238542 32 0 0
1626172564 80 0 238618 32 0 0
1626230660 80 0 238707 32 0 0
1626265784 80 0 238732 32 0 0
1626331012 80 0 238738 32 0 0
1626429829 80 0 238759 32 0 0
1626750686 80 0 238759 32 0 0
1626752717 80 0 238759 32 0 0
1626848228 80 0 238759 32 0 0
1626852950 80 0 238759 32 0 0
1626856548 80 0 238759 32 0 0
1626858093 80 0 238759 32 0 0
1626858499 80 0 238759 32 0 0
1626860295 80 0 238759 32 0 0
1626863855 80 0 238759 32 0 0
1626865461 80 0 238759 32 0 0
1626865728 80 0 238759 32 0 0
1626865948 80 0 238759 32 0 0
1626869098 80 0 238759 32 0 0
1627021859 80 0 238759 32 0 0
1627036284 80 0 238759 32 0 0
1627038845 80 0 238759 32 0 0
1627116155 80 0 238759 32 0 0
1627356058 80 0 238759 32 0 0
1627443249 80 0 238759 32 0 0
1627451402 80 0 238759 32 0 0
1627454623 80 0 238759 32 0 0
1627471515 80 0 238759 32 0 0
1627993255 80 0 238759 32 0 0
1628160044 80 0 238759 32 0 0
1628161274 80 0 238759 32 0 0
1628246791 80 0 238759 32 0 0
1628499724 80 0 238759 32 0 0
1628587429 80 0 238759 32 0 0
1628595437 80 0 238759 32 0 0
1628678170 80 0 238759 32 0 0
1628678776 80 0 238759 32 0 0
1629105673 80 0 238759 32 0 0
1629166556 80 0 238759 32 0 0
1629167524 80 0 238759 32 0 0
1629167752 80 0 238759 32 0 0
1629341708 80 0 238759 32 0 0
1629682846 80 0 238759 32 0 0
1629686737 80 0 238759 32 0 0
1629686773 80 0 238759 32 0 0
1629776749 80 0 238759 32 0 0
1629777636 80 0 238759 32 0 0
1629777690 80 0 238759 32 0 0
1629803495 80 0 238759 32 0 0
1629804885 80 0 238759 32 0 0
1629804999 80 0 238759 32 0 0
1629805036 80 0 238759 32 0 0
1629863059 80 0 238759 32 0 0
1629869330 80 0 238759 32 0 0
1629869380 80 0 238759 32 0 0
1629874368 80 0 238759 32 0 0
1629875189 80 0 238759 32 0 0
1629875238 80 0 238759 32 0 0
1629876386 80 0 238759 32 0 0
1629879478 80 0 238759 32 0 0
1629879632 80 0 238759 32 0 0
1629879690 80 0 238759 32 0 0
1629889208 80 0 238759 32 0 0
1629889294 80 0 238759 32 0 0
1629889337 80 0 238759 32 0 0
1630031153 80 0 238759 32 0 0
1630050757 80 0 238759 32 0 0
1630050897 80 0 238759 32 0 0
1630051673 80 0 238759 32 0 0
1630051719 80 0 238759 32 0 0
1630055451 80 0 238759 32 0 0
1630055715 80 0 238759 32 0 0
1630056020 80 0 238759 32 0 0
1630056072 80 0 238759 32 0 0
1630465029 80 0 238759 32 0 0
1630482224 80 0 238759 32 0 0
1630482401 80 0 238759 32 0 0
1630482443 80 0 238759 32 0 0
1630496762 80 0 238759 32 0 0
1630497077 80 0 238759 32 0 0
1630497084 80 0 238759 32 0 0
1630497122 80 0 238759 32 0 0
1630572261 80 0 238759 32 0 0
1630574807 80 0 238759 32 0 0
1630575291 80 0 238759 32 0 0
1630575344 80 0 238759 32 0 0
1630916949 80 0 238759 32 0 0
1630917598 80 0 238759 32 0 0
1630917738 80 0 238759 32 0 0
1631184572 80 19 238759 32 0 0
1631184674 80 19 238759 32 0 0
1631184702 80 19 238759 32 0 0
1631243240 80 23 238759 32 0 0
1631243412 80 25 238759 32 0 0
1631243711 80 26 238759 32 0 0
1631243934 80 27 238759 32 0 0
1631244427 80 44 238759 32 0 0
1631244691 80 45 238759 32 0 0
1631244841 80 54 238759 32 0 0
1631245068 80 58 238759 32 0 0
1631245169 80 59 238759 32 0 0
1631245461 80 63 238759 32 0 0
1631245682 80 70 238759 32 0 0
1631245988 80 73 238759 32 0 0
1631246119 80 74 238759 32 0 0
1631246238 80 76 238759 32 0 0
1631248152 80 81 238759 32 0 0
1631249357 80 83 238759 32 0 0
1631249918 80 117 238759 32 0 0
1631250341 80 131 238759 32 0 0
1631250445 80 132 238759 32 0 0
1631252282 80 139 238759 32 0 0
1631252433 80 154 238759 32 0 0
1631252756 80 176 238759 32 0 0
1631252883 80 182 238759 32 0 0
1631253254 80 188 238759 32 0 0
1631253533 80 189 238759 32 0 0
1631253953 80 217 238759 32 0 0
1631254745 80 220 238759 32 0 0
1631254838 80 221 238759 32 0 0
1631255127 80 235 238759 32 0 0
1631255501 80 238 238759 32 0 0
1631255618 80 240 238759 32 0 0
1631255904 80 301 238759 32 0 0
1631256022 80 305 238759 32 0 0
1631256314 80 308 238759 32 0 0
1631257553 80 319 238759 32 0 0
1631257801 80 320 238759 32 0 0
1631258286 80 323 238759 32 0 0
1631259005 80 324 238759 32 0 0
1631260041 80 330 238759 32 0 0
1631261112 80 331 238759 32 0 0
1631585831 80 331 238759 49 0 0
1631586298 80 331 238759 57 0 0
1631586467 80 331 238759 58 0 0
1631586588 80 331 238759 59 0 0
1631586780 80 331 238759 60 0 0
1631588802 80 331 238759 62 0 0
1631588898 80 331 238759 63 0 0
1631589064 80 331 238759 64 0 0
1631591839 80 331 238759 131 0 0
1631592924 80 331 238759 133 0 0
1631610082 80 331 238759 133 0 0
1631610117 80 331 238759 133 0 0
1631615036 80 532 238759 133 0 0
1631615182 80 532 238759 133 0 0
1631615762 80 532 238759 133 0 0
1631615771 80 532 238759 133 0 0
1631671897 80 533 238759 133 0 0
1631674957 80 533 238759 133 0 0
1631674996 80 533 238759 133 0 0
1631700081 80 536 238759 133 0 0
1631701669 80 536 238759 133 0 0
1631701696 80 536 238759 133 0 0
1631792008 80 571 238759 133 0 0
1631847062 80 571 238759 133 0 0
1631847114 80 571 238759 133 0 0
1632449329 80 571 238759 134 0 0
1632452266 80 571 238759 147 0 0
1632455432 80 571 238759 150 0 0
1632456433 80 571 238759 151 0 0
1632461879 80 571 238759 161 0 0
1632462458 80 571 238759 162 0 0
1632463323 80 571 238759 163 0 0
1632463373 80 571 238759 163 0 0
1632463414 107 571 238759 163 0 0
1632463994 107 571 238759 164 0 0
1632464051 107 571 238759 164 0 0
1632464289 107 571 238759 166 0 0
1632464340 107 571 238759 166 0 0
1632464513 107 571 238759 166 0 0
1632637159 107 596 238759 166 0 0
1632638684 107 596 238759 166 0 0
1633690103 107 1179 238759 166 0 0
1633690356 107 1179 238759 166 0 0
1633690395 107 1179 238759 166 0 0
1634038587 107 1235 238759 166 0 0
1634090437 107 1235 238759 166 0 0
1634090469 107 1235 238759 166 0 0
1634115721 107 1270 238759 166 0 0
1634117274 107 1270 238759 166 0 0
1634117309 107 1270 238759 166 0 0
1634190419 107 1313 238759 166 0 0
1634190667 107 1313 238759 166 0 0
1634190677 107 1313 238759 166 0 0
1634191755 107 1313 238759 166 0 0
1634635738 107 1313 238759 172 0 0
1634636233 107 1313 238759 173 0 0
1634636262 107 1313 238759 173 0 0
1634636293 107 1313 238759 173 0 0
1634697954 107 1313 238759 175 0 0
1634698107 107 1313 238759 175 0 0
1634698154 107 1313 238759 175 0 0
1635241615 107 45763 238759 175 0 0
1635241702 107 45763 238759 175 0 0
1635241737 107 45763 238759 175 0 0
1635495254 107 45769 238759 175 0 0
1635495321 107 45769 238759 175 0 0
1635495345 107 45769 238759 175 0 0
1635822920 107 47418 238759 175 0 0
1635823094 107 47418 238759 175 0 0
1635823125 107 47418 238759 175 0 0
1635922793 107 48202 238759 175 0 0
1635922907 107 48202 238759 175 0 0
1635922945 107 48202 238759 175 0 0
1636100763 107 49594 238759 175 0 0
1636100918 107 49594 238759 175 0 0
1636100948 107 49594 238759 175 0 0
1636107706 107 49633 238759 175 0 0
1636107795 107 49633 238759 175 0 0
1636107833 107 49633 238759 175 0 0
1636353140 107 49759 238759 175 0 0
1636353893 107 49759 238759 175 0 0
1636353933 107 49759 238759 175 0 0
1636426579 107 154500 238759 175 0 0
1636441759 107 154746 238759 175 0 0
1636443120 107 154746 238759 175 0 0
1636443162 107 154746 238759 175 0 0
1636443817 107 154746 238759 175 0 0
1636532780 107 155539 238759 175 0 0
1636532876 107 155539 238759 175 0 0
1636532915 107 155539 238759 175 0 0
1636544639 107 155770 238759 175 0 0
1636544875 107 155770 238759 175 0 0
1636544901 107 155770 238759 175 0 0
1636621428 107 155825 238759 175 0 0
1636621512 107 155825 238759 175 0 0
1636621552 107 155825 238759 175 0 0
1636629998 107 155829 238759 175 0 0
1636630077 107 155829 238759 175 0 0
1636630104 107 155829 238759 175 0 0
1637044925 107 158039 238759 175 0 0
1637049895 107 158039 238759 175 0 0
1637049930 107 158039 238759 175 0 0
1637216600 107 158617 238759 175 0 0
1637216689 107 158617 238759 175 0 0
1637216715 107 158617 238759 175 0 0
1637220521 107 158654 238759 175 0 0
1637222572 107 158654 238759 175 0 0
1637222607 107 158654 238759 175 0 0
1637224065 107 158654 238759 175 0 0
1637224071 107 158654 238759 175 0 0
1637224471 107 158654 238759 175 0 0
1637225764 107 158674 238759 175 0 0
1637225976 107 158674 238759 175 0 0
1637232542 107 158674 238759 175 0 0
1637232584 107 158674 238759 175 0 0
1637315090 107 158839 238759 175 0 0
1637319454 107 158870 238759 175 0 0
1637319530 107 158870 238759 175 0 0
1637319565 107 158870 238759 175 0 0
1637749699 107 159034 238759 175 0 0
1637749941 107 159034 238759 175 0 0
1637749971 107 159034 238759 175 0 0
1637808986 107 159066 238759 175 0 0
1637809960 107 159066 238759 175 0 0
1637809988 107 159066 238759 175 0 0
1637834709 107 159105 238759 175 0 0
1637834830 107 159105 238759 175 0 0
1637834863 107 159105 238759 175 0 0
1637914074 107 159203 238759 175 0 0
1637916736 107 159203 238759 175 0 0
1637916764 107 159203 238759 175 0 0
1638423984 107 159221 238759 175 0 0
1638425445 107 159221 238759 175 0 0
1638425593 107 159221 238759 175 0 0
1638425636 107 159221 238759 175 0 0
1638955627 107 159686 238759 175 0 0
1638955803 107 159686 238759 175 0 0
1638955834 107 159686 238759 175 0 0
1639046617 107 159731 238759 175 0 0
1639046952 107 159731 238759 175 0 0
1639046978 107 159731 238759 175 0 0
1639387246 107 159895 238759 175 0 0
1639392586 107 159895 238759 175 0 0
1639392613 107 159895 238759 175 0 0
1639476263 107 159899 238759 175 0 0
1639478858 107 159899 238759 175 0 0
1639478888 107 159899 238759 175 0 0
1639549572 121 159899 238759 175 0 0
1639549618 135 159899 238759 175 0 0
1639551004 135 159899 238759 176 0 0
1639551683 135 159899 238759 176 0 0
1640078692 135 159947 238759 176 0 0
1640138297 135 159947 238759 176 0 0
1640138324 135 159947 238759 176 0 0
1640601322 135 160340 238759 176 0 0
1640601394 135 160340 238759 176 0 0
1640601418 135 160340 238759 176 0 0
1640770148 135 160370 238759 176 0 0
1640770245 135 160370 238759 176 0 0
1640770284 135 160370 238759 176 0 0
1640836512 135 160371 238759 176 0 0
1640836786 135 160371 238759 176 0 0
1640861517 135 160379 238759 176 0 0
1640861562 135 160379 238759 176 0 0
1640861600 135 160379 238759 176 0 0
1640861625 135 160379 238759 176 0 0
1643005146 135 160425 238759 176 0 0
1643005350 135 160425 238759 176 0 0
1643005380 135 160425 238759 176 0 0
1643019885 135 160481 238759 176 0 0
1643020174 135 160481 238759 176 0 0
1643020206 135 160481 238759 176 0 0
1643092435 135 160481 238759 180 0 0
1643094368 135 160481 238759 181 0 0
1643094474 135 160481 238759 181 0 0
1643094506 135 160481 238759 181 0 0
1643104556 135 160484 238759 181 0 0
1643104674 135 160484 238759 181 0 0
1643104699 135 160484 238759 181 0 0
1643252255 135 160497 238759 181 0 0
1643252496 135 160497 238759 181 0 0
1643252615 135 160497 238759 181 0 0
1643252638 135 160497 238759 181 0 0
1644300267 135 161021 238759 181 0 0
1644318143 135 161021 238759 181 0 0
1644318173 135 161021 238759 181 0 0
1644463211 136 161021 238759 181 0 0
1644463281 136 161021 238759 181 0 0
1644803984 136 161053 238759 181 0 0
1644893149 136 312523 238759 181 0 0
1644893395 136 312523 238759 181 0 0
1644893460 136 312523 238759 181 0 0
1644921237 136 322737 238759 181 0 0
1644921310 136 322737 238759 181 0 0
1644921343 136 322737 238759 181 0 0
1645068813 136 322929 238759 181 0 0
1645068999 136 322929 238759 181 0 0
1645069345 136 322973 238759 181 0 0
1645069409 136 322973 238759 181 0 0
1645069439 136 322973 238759 181 0 0
1645070003 136 322979 238759 181 0 0
1645070062 136 322979 238759 181 0 0
1645079635 136 323015 238759 181 0 0
1645080192 136 323015 238759 181 0 0
1645080231 136 323015 238759 181 0 0
1645085099 136 323061 238759 181 0 0
1645085714 136 323061 238759 181 0 0
1645085758 136 323061 238759 181 0 0
1645085792 136 323061 238759 181 0 0
1645425950 136 323308 238759 181 0 0
1645442034 136 323308 238759 181 0 0
1645442040 136 323308 238759 181 0 0
1645497372 136 323308 238759 181 0 0
1645670182 136 323308 238759 181 0 0
1646129667 136 323449 238759 181 0 0
1646129867 136 323449 238759 181 0 0
1646202073 136 323449 238759 181 0 0
1646217149 136 323906 238759 181 0 0
1646218749 136 323906 238759 181 0 0
1646300582 136 324093 238759 181 0 0
1646301059 136 324093 238759 181 0 0
1646301075 136 324093 238759 181 0 0
1646303760 136 324109 238759 181 0 0
1646303841 136 324109 238759 181 0 0
1646372398 136 324109 238759 181 0 0
1646638978 136 324138 238759 181 0 0
1646639105 136 324138 238759 181 0 0
1646709092 136 324138 238759 181 0 0
1646721611 136 324138 238759 181 0 0
1646811050 136 324252 238759 181 0 0
1646813374 136 324252 238759 181 0 0
1646899815 136 324252 238759 181 0 0
1647597635 136 325531 238759 181 0 0
1647597695 136 325540 238759 181 0 0
1647597741 136 325541 238759 181 0 0
1647597882 136 325541 238759 181 0 0
1647832536 136 325541 238759 181 0 0
1647920140 136 325541 238759 181 0 0
1648442025 136 325557 238759 181 0 0
1648446557 136 325557 238759 181 0 0
1648539522 136 325557 238759 181 0 0
1648619942 136 1328353 238759 181 0 0
1648620086 136 1328353 238759 181 0 0
1648722193 136 1328460 238759 181 0 0
1648722333 136 1328465 238759 181 0 0
1648722538 136 1328465 238759 181 0 0
1648807147 136 1328533 238759 181 0 0
1648807251 136 1328533 238759 181 0 0
1648879990 136 1328533 238759 181 0 0
1648890724 136 1328670 238759 181 0 0
1648890905 136 1328675 238759 181 0 0
1648891028 136 1328675 238759 181 0 0
1649309644 136 1328696 238759 181 0 0
1649309805 136 1328696 238759 181 0 0
1649309810 136 1328696 238759 181 0 0
1649310175 136 1328696 238759 181 0 0
1649383930 136 1328696 238759 181 0 0
1650967105 136 1328914 238759 181 0 0
1650967239 136 1328914 238759 181 0 0
1651030776 136 1328933 238759 181 0 0
1651031110 136 1328933 238759 181 0 0
1651141662 136 1329135 238759 181 0 0
1651142174 136 1329136 238759 181 0 0
1651142860 136 1329136 238759 181 0 0
1651197661 136 1329136 238759 181 0 0
1651747225 136 1329190 238759 181 0 0
1651747283 136 1329190 238759 181 0 0
1651807803 136 1329190 238759 181 0 0
1651893541 136 1329190 238759 181 0 0
1652068506 136 1329256 238759 181 0 0
1652068743 136 1329256 238759 181 0 0
1652079175 136 1329304 238759 181 0 0
1652079549 136 1329306 238759 181 0 0
1652079770 136 1329306 238759 181 0 0
1652092525 136 1329885 238759 181 0 0
1652092684 136 1329885 238759 181 0 0
1652167349 136 1329960 238759 181 0 0
1652167468 136 1329960 238759 181 0 0
1652170541 136 1329960 238759 181 0 0
1652343745 136 1330618 238759 181 0 0
1652343834 136 1330624 238759 181 0 0
1652344359 136 1330624 238759 181 0 0
1652409809 136 1330624 238759 181 0 0
1652423270 136 1330773 238759 181 0 0
1652423465 136 1330773 238759 181 0 0
1652435981 136 1330880 238759 181 0 0
1652436104 136 1330880 238759 181 0 0
1652669339 136 1330880 238759 181 0 0
1652688942 136 1330946 238759 181 0 0
1652689413 136 1330946 238759 181 0 0
1652698391 136 1330993 238759 181 0 0
1652698646 136 1330993 238759 181 0 0
1652783753 136 1331679 238759 181 0 0
1652783927 136 1331679 238759 181 0 0
1652843444 136 1331679 238759 181 0 0
1652853069 136 1331679 238759 181 0 0
1652928097 136 1331679 238759 181 0 0
1653018084 136 1331700 238759 181 0 0
1653018119 136 1331701 238759 181 0 0
1653018246 136 1331701 238759 181 0 0
1653035215 136 1331701 238759 181 0 0
1653040189 136 1331718 238759 181 0 0
1653041842 136 1331718 238759 181 0 0
1653042216 136 1331718 238759 181 0 0
1654503815 136 1331725 238759 181 0 0
1654503924 136 1331725 238759 181 0 0
1654504022 136 1331725 238759 181 0 0
1654568139 136 1331725 238759 181 0 0
1655346914 136 1331725 238759 181 0 0
1655459498 136 1333241 238759 181 0 0
1655459671 136 1333241 238759 181 0 0
1655881634 136 1333241 238759 181 0 0
1655886748 136 1333265 238759 181 0 0
1655886916 136 1333265 238759 181 0 0
1655889400 136 1333282 238759 181 0 0
1655889759 136 1333282 238759 181 0 0
1655890397 136 1333282 238759 181 0 0
1655962605 136 1333282 238759 181 0 0
1657101099 136 1333399 238759 181 0 0
1657101213 136 1333399 238759 181 0 0
1657172564 136 1333399 238759 181 0 0
1657852010 136 1333399 238759 181 0 12899
1657852044 136 1333399 238759 181 0 12899
1657875874 136 1356502 238759 181 0 12899
1657876180 136 1356502 238759 181 0 12899
1658137355 136 1356519 238759 181 0 12899
1658138222 136 1356519 238759 181 0 12899
1658139632 136 1356519 238759 181 0 12899
1658197815 136 1356519 238759 181 0 12899
1658211435 136 1356573 238759 181 0 12899
1658211550 136 1356573 238759 181 0 12899
1658282931 136 1356573 238759 181 0 12899
1658301504 136 1407551 238759 181 0 12899
1658301729 136 1407551 238759 181 0 12899
1658302147 136 1407551 238759 181 0 12899
1658309467 136 1407578 238759 181 0 12899
1658309612 136 1407578 238759 181 0 12899
1658371292 136 1407578 238759 181 0 12899
1658372446 136 1407578 238759 181 0 12899
1658373294 136 1407578 238759 181 0 12899
1658374232 136 1407578 238759 181 0 12899
1658374814 136 1407578 238759 181 0 12899
1658375661 136 1407583 238759 181 0 12899
1658382883 136 1407586 238759 181 0 12899
1658383477 136 1407586 238759 181 0 12899
1658385106 136 1407604 238759 181 0 12899
1658385756 136 1407640 238759 181 0 12899
1658387066 136 1407672 238759 181 0 12899
1658388059 136 1407672 238759 181 0 12899
1658388984 136 1407673 238759 181 0 12899
1658389620 136 1407673 238759 181 0 12899
1658390557 136 1407674 238759 181 0 12899
1658392194 136 1407674 238759 181 0 12899
1658392229 136 1407674 238759 181 0 12899
1658397913 136 1407698 238759 181 0 12899
1658397974 136 1407698 238759 181 0 12899
1658400256 136 1407698 238759 181 0 12899
1658889954 136 1407698 238759 181 0 12899
1658912025 136 1407713 238759 181 0 12899
1659435787 136 1410157 238759 181 0 12899
1659436131 136 1410157 238759 181 0 12899
1659508589 136 1410157 238759 181 0 12899
1659521971 136 1411576 238759 181 0 12899
1659522047 136 1411576 238759 181 0 12899
1659581170 136 1411576 238759 181 0 12899
1659603926 136 1411666 238759 181 0 12899
1659603986 136 1411666 238759 181 0 12899
1659606053 136 1411699 238759 181 0 12899
1659606279 136 1411699 238759 181 0 12899
1659681163 136 1411707 238759 181 0 12899
1659684066 136 1411707 238759 181 0 12899
1659691464 136 1411707 238759 181 0 12899
1660271405 136 1411707 238759 181 0 12899
1660271661 136 1411707 238759 181 0 12899
1660292447 136 1411779 238759 181 0 12899
1660292758 136 1411779 238759 181 0 12899
1660292785 136 1411779 238759 181 0 12899
1660542490 136 1412163 238759 181 0 12899
1660546857 136 1412163 238759 181 0 12899
1660547102 136 1412163 238759 181 0 12899
1660549694 136 1412163 238759 181 0 12899
1667384478 136 1412814 238759 181 0 12899
1667385232 136 1412814 238759 181 0 12899
1667454060 136 1412814 238759 181 0 12899
1667471430 136 1412819 238759 181 0 12899
1667471574 136 1412819 238759 181 0 12899
1667471779 136 1412819 238759 181 0 12899
1667528878 136 1412819 238759 181 0 12899
1670481022 136 1414183 238759 181 0 12899
1670481072 136 1414195 238759 181 0 12899
1670481307 136 1414195 238759 181 0 12899
1670566106 136 1414195 238759 181 0 12899
1670566124 136 1414195 238759 181 0 12899
1670834783 136 1414914 238759 181 0 12899
1670834920 136 1414914 238759 181 0 12899
1670899860 136 1414914 238759 181 0 12899
1675306047 136 1414914 238759 181 0 12899
1686038018 136 1415517 238759 181 0 12899
1686038639 136 1415538 238759 181 0 12899
1686040071 136 1415538 238759 181 0 12899
1686116986 136 1415538 238759 181 0 12899
1686191785 136 1415626 238759 181 0 12899
1686192052 136 1415626 238759 181 0 12899
1686192660 136 1415626 238759 181 0 12899
1686276917 136 1415626 238759 181 0 12899
1686640365 136 1415626 238759 181 0 12899
1687153682 136 1415687 238759 181 0 12899
1687153840 136 1415687 238759 181 0 12899
1687240640 136 1415687 238759 181 0 12899
1687315750 136 1415687 238759 181 0 12899
1689927614 136 1415727 238759 181 0 12899
1689928714 136 1415727 238759 181 0 12899
1690168426 136 1415727 238759 181 0 12899
1692268528 136 1418624 238759 181 0 12899
1692268672 136 1418624 238759 181 0 12899
1692324711 136 1418624 238759 181 0 12899
1692351450 136 1419231 238759 181 0 12899
1692351590 136 1419231 238759 181 0 12899
1692611696 136 1420167 238759 181 0 12899
1692611920 136 1420167 238759 181 0 12899
1692670513 136 1420167 238759 181 0 12899
1692698888 136 1422694 238759 181 0 12899
1692699104 136 1422694 238759 181 0 12899
1692757249 136 1422694 238759 181 0 12899
1692786115 136 1424350 238759 181 0 12899
1692786180 136 1424350 238759 181 0 12899
1692858760 136 1424350 238759 181 0 12899
1693392356 136 1425774 238759 181 0 12899
1693392814 136 1425774 238759 181 0 12899
1693449602 136 1425774 238759 181 0 12899
1693461522 136 1460486 238759 181 0 12899
1693477732 136 1461563 238759 181 0 12899
1693477894 136 1461563 238759 181 0 12899
1693535245 136 1461563 238759 181 0 12899
1693555123 136 1461788 238759 181 0 12899
1693555193 136 1461788 238759 181 0 12899
1693793435 136 1461788 238759 181 0 12899
1694065525 136 1461788 238759 181 0 12899
1694078625 136 1463230 238759 181 0 12899
