1615879310 1308
1615880756 1308
1616050429 21929
1616204127 23316
1616205352 23346
1616205406 29765
1617240810 87522
1617586583 92554
1617887201 98143
1618191909 99358
1618277669 110651
1618540226 112827
1618552161 112795
1618552263 112986
1618552754 112986
1618623962 113713
1618655730 114640
1618655887 114640
1618884282 128079
1618909182 137756
1618970322 137469
1619000791 136840
1619008258 136836
1619070993 136862
1619147993 137001
1619166376 137634
1619351340 139608
1619419876 141576
1619488596 142036
1619508556 142337
1619512123 142356
1619578098 142636
1619598964 143532
1620383735 149287
1620392298 149918
1620473082 150939
1620735908 152707
1620825154 153074
1620870265 153074
1620887459 153218
1620910726 153640
1620978274 153632
1620986224 153802
1621239449 160238
1621257321 154430
1621333024 154769
1621339727 154945
1621416225 155138
1621416427 155139
1621418166 155137
1621510539 152526
1621592723 156825
1621599702 156846
1621820904 156871
1621846980 156891
1621859849 156914
1621926272 156942
1621936627 156996
1622000332 157179
1622020460 157201
1622103124 157270
1622117229 157372
1622197718 157430
1622267373 157484
1622276477 157491
1622286833 157615
1622527549 158619
1622530238 158621
1622533440 158621
1622536525 158621
1622539302 158659
1622551474 158659
1622551822 158668
1622552034 158668
1622623730 158684
1622636622 159303
1622708780 160304
1622792182 160503
1623045434 160627
1623145206 161663
1623149531 161679
1623229276 162094
1623293341 162276
1623313859 162400
1623318445 162400
1623318930 162447
1623401275 162890
1623813991 163437
1623831607 163569
1623839783 163629
1623847146 163654
1623899069 163654
1623921435 163673
1623983424 163675
1624010472 163712
1624279383 163755
1624364513 164235
1624441308 164345
1624448131 164380
1624505192 164390
1624536409 164469
1624616231 164506
1624622407 164507
1624674565 164513
1624679650 164545
1624679902 164543
1624680126 164544
1624695449 164589
1624700236 164625
1624700471 164661
1624700743 164661
1624701024 164661
1624704153 164663
1624707018 164668
1624707040 164671
1624725469 164671
1624725924 164671
1624726825 164673
1624727579 164674
1624727927 164674
1624729684 164676
1624730670 164676
1624876154 165354
1624962428 165384
1625047238 165005
1625048843 165007
1625054219 165116
1625206451 165193
1625213367 165178
1625217649 165178
1625465016 165167
1625562074 165168
1625571432 165160
1625652544 165163
1625743240 165167
1625817506 165175
1626079783 165194
1626160803 165234
1626172564 165306
1626230660 165392
1626265784 165408
1626331012 165408
1626429829 165416
1626750686 165416
1626752717 165418
1626848228 165838
1626852950 165839
1626856548 166043
1626863855 166068
1627021859 166211
1627036284 166263
1627038845 166263
1627116155 166297
1627356058 166386
1627443249 166391
1627451402 166393
1627454623 166393
1627471515 166398
1627993255 166459
1628160044 166459
1628161274 166469
1628246791 166469
1628499724 166495
1628587429 166804
1628595437 166810
1628678170 166810
1628678776 166810
1629167524 166810
1629341708 166816
1629686773 166950
1629777636 166977
1629805036 166976
1629869330 166986
1630031153 166986
1630050897 166996
1630055715 167086
1630917738 168230
1631610117 168289
1632638684 168343
1634190677 168823
1634191755 168813
1637222607 322547
1637224071 322547
1637224471 322538
1637225976 322544
1638425445 322763
1640836786 313314
1640861562 313314
1643252496 313334
1645070062 366382
1645079635 366382
1645085714 366400
1645670182 366660
1646709092 367244
1647920140 366585
1649383930 1358049
1651893541 1358357
1652928097 1360169
1655346914 1360201
1658889954 1410325
1658912025 1410325
1660271661 1414085
1660292447 1414130
1660549694 1414090
1667528878 1414708
1670481307 1414710
1675306047 1415401
1686640365 1416045
1687315750 1416043
1694065525 1434024
1694078625 1434044
