1615880099 2
1617157580 18857
1618023429 24764
1618558718 28349
1618560287 28389
1618561076 28396
1618562046 28401
1618796425 29164
1618884375 29756
1618898675 30124
1618970120 30395
1619006491 31002
1619056033 31060
1619149141 31116
1619180091 31698
1619332855 32084
1619341384 32413
1619428596 34150
1619580487 34777
1619612577 35370
1619700681 37005
1620383794 38894
1620468653 39316
1620703457 39830
1620734940 39974
1620820885 40187
1620822761 40188
1620899142 40836
1620975163 41107
1621043342 41665
1621216295 42550
1621248460 42878
1621305131 43036
1621336122 45156
1621391529 45235
1621424168 46243
1621425655 46244
1621479817 46357
1621480717 46360
1621497187 46569
1621576635 47015
1621581981 47027
1621596576 47149
1621857093 47416
1621860397 47453
1621861641 47457
1621915193 47504
1621926239 47511
1621997858 47849
1622029110 48360
1622183953 49157
1622196550 49231
1622258010 49256
1622282640 49500
1622428951 49520
1622440321 49530
1622441334 49538
1622512275 49613
1622543768 49928
1622633791 50763
1622633959 50763
1622716618 51109
1622770759 51220
1623056125 52268
1623061049 52268
1623061690 52268
1623061843 52271
1623062030 52271
1623062470 52271
1623141179 52765
1623207612 53059
1623207690 53059
1623307036 53891
1623309299 53901
1623317853 54034
1623319781 54307
1623327432 54448
1623327760 54455
1623400906 54736
1623759576 55244
1623898152 55657
1623929604 55673
1623980787 55848
1623994283 55899
1623997130 55903
1624015072 56036
1624240482 56273
1624329045 56481
1624364860 56474
1624413334 56491
1624429030 56491
1624499522 56614
1624513806 56742
1624532590 57005
1624532764 57114
1624623524 57566
1624672885 57646
1624687131 57686
1624695623 57665
1624704004 57712
1624848669 57716
1624858389 57722
1624869051 57720
1624881115 57737
1624944799 57729
1624954042 57823
1624962840 57857
1624969561 57865
1625021993 57881
1625025448 57907
1625032324 57927
1625039832 58082
1625190531 59324
1625456183 60208
1625478366 60246
1625543969 60268
1625627227 60655
1625641213 60719
1625653764 60755
1625712946 60739
1625724040 60750
1625725816 71758
1625727722 71679
1625743982 72057
1625809333 72118
1625818883 72125
1625821363 72126
1625828406 72139
1625828802 72140
1625831096 72161
1625916303 72251
1626054544 72271
1626059088 72285
1626079113 72301
1626082710 72293
1626088413 72424
1626090530 72427
1626164695 72437
1626175534 72491
1626227319 72506
1626254770 72597
1626327377 72647
1626330468 72647
1626675990 72663
1626676723 72664
1626678586 72664
1629169919 74653
1630063737 75332
1630565791 76504
1630906888 76698
1630994903 76698
1631003903 76703
1632638844 76776
1632647846 76780
1632649422 76780
1632714474 76780
1634191955 76948
1637227244 132608
1637235861 132626
1637301118 132626
1638426812 94045
1638433733 94045
1638438001 94045
1638518571 94067
1638756003 94075
1640836073 95986
1645081378 26897
1645685173 27763
1646721671 27998
1646724967 28002
1647919816 28178
1649383972 28527
1649649043 28531
1651893502 28548
1652928141 29149
1652945689 29153
1655346953 29197
1658890079 29326
1658909360 29329
1660271384 32297
1667528921 32165
1675306003 32252
1686640317 31857
1687315667 31894
1694065483 40386
