1627888535 10092
1627962113 9484
1627976887 9484
1627978185 9484
1628042938 9422
1629086194 15435
1629373804 15498
1629689514 15478
1629704245 15491
1629790353 15504
1630034396 15519
1630063689 15519
1630120231 16147
1630143705 16102
1630390378 16122
1631512421 16950
1631527229 16955
1631609313 16953
1631609323 16953
1631771109 16464
1632304480 17507
1633776520 16866
1634192152 16908
1635385660 17767
1638329234 19082
1639621584 22579
1640743466 20432
1642040009 20428
1643003721 20430
1646721344 20991
1647312396 21155
1647835596 21336
1648783398 21813
1649388957 21828
1649988527 21999
1651904971 22005
1652929360 22138
1669171095 21892
1687759624 22191
1700632337 22974
